(1, 161.9943)
(2, 260.8641)
(3, 355.8999)
(4, 467.8559)
(5, 598.5704)
(6, 726.1070)
(7, 872.9917)
(8, 998.7658)
(9, 1121.4084)
(10, 1253.7927)
(11, 1378.0497)
(12, 1493.3888)
(13, 1618.4880)
(14, 1742.4946)
(15, 1875.2093)
(16, 1994.2173)
(17, 2114.4228)
(18, 2216.4214)
(19, 2328.1051)
(20, 2430.6503)
(21, 2555.0519)
(22, 2663.3905)
(23, 2772.2395)
(24, 2866.9759)
(25, 2964.5383)
(26, 3081.1278)
(27, 3178.1959)
(28, 3280.8205)
(29, 3388.0518)
(30, 3487.6735)
(31, 3577.2160)
(32, 3682.7821)
(33, 3777.9514)
(34, 3850.4347)
(35, 3945.8014)
(36, 4042.7711)
(37, 4157.4607)
(38, 4217.9339)
(39, 4303.1647)
(40, 4387.2828)
(41, 4482.6570)
(42, 4563.6994)
(43, 4636.7216)
(44, 4720.6571)
(45, 4799.5156)
(46, 4883.9789)
(47, 4962.6292)
(48, 5034.5320)
(49, 5111.0911)
(50, 5182.0720)
(51, 5248.9409)
(52, 5315.8384)
(53, 5384.1549)
(54, 5443.3205)
(55, 5521.5092)
(56, 5586.5503)
(57, 5663.3792)
(58, 5723.7568)
(59, 5785.7000)
(60, 5836.2669)
(61, 5887.2264)
(62, 5960.8747)
(63, 6036.2191)
(64, 6092.5974)
(65, 6165.6114)
(66, 6230.1349)
(67, 6289.2869)
(68, 6348.3088)
(69, 6411.7827)
(70, 6470.6414)
(71, 6518.1146)
(72, 6579.6205)
(73, 6644.0397)
(74, 6704.2648)
(75, 6748.3026)
(76, 6814.3451)
(77, 6876.4792)
(78, 6929.1324)
(79, 6988.9256)
(80, 7041.4058)
(81, 7080.3090)
(82, 7131.9792)
(83, 7177.6797)
(84, 7237.9607)
(85, 7283.3653)
(86, 7324.7948)
(87, 7372.7144)
(88, 7426.6701)
(89, 7474.2682)
(90, 7519.0304)
(91, 7576.0812)
(92, 7629.8843)
(93, 7678.8966)
(94, 7721.8837)
(95, 7772.6577)
(96, 7818.9485)
(97, 7869.1617)
(98, 7917.5174)
(99, 7975.2155)
(100, 8025.2831)
(101, 8079.7154)
(102, 8124.9896)
(103, 8177.8077)
(104, 8232.9548)
(105, 8281.4040)
(106, 8320.6017)
(107, 8358.6617)
(108, 8400.2806)
(109, 8445.2426)
(110, 8485.9848)
(111, 8527.7806)
(112, 8595.0379)
(113, 8634.6466)
(114, 8672.6997)
(115, 8712.2047)
(116, 8750.4265)
(117, 8791.8636)
(118, 8836.4063)
(119, 8876.6040)
(120, 8921.4923)
(121, 8962.2825)
(122, 9014.6695)
(123, 9048.7204)
(124, 9088.1583)
(125, 9116.8215)
(126, 9160.6747)
(127, 9206.7403)
(128, 9245.5663)
(129, 9296.3454)
(130, 9340.8193)
(131, 9377.9180)
(132, 9430.2291)
(133, 9470.0393)
(134, 9510.6067)
(135, 9565.1777)
(136, 9609.7987)
(137, 9647.3625)
(138, 9684.9425)
(139, 9731.9974)
(140, 9768.2003)
(141, 9838.3196)
(142, 9867.0149)
(143, 9903.6317)
(144, 9949.0721)
(145, 9994.9600)
(146, 10049.8259)
(147, 10098.0004)
(148, 10147.8740)
(149, 10197.4994)
(150, 10248.4676)
(151, 10291.3395)
(152, 10336.1909)
(153, 10397.0232)
(154, 10437.2365)
(155, 10488.0931)
(156, 10520.7912)
(157, 10552.6421)
(158, 10591.0446)
(159, 10640.4651)
(160, 10673.4012)
(161, 10705.5989)
(162, 10752.8751)
(163, 10798.5170)
(164, 10828.9742)
(165, 10861.6753)
(166, 10898.3471)
(167, 10928.1889)
(168, 10961.5565)
(169, 11009.6793)
(170, 11043.7174)
(171, 11072.8720)
(172, 11104.7442)
(173, 11137.2646)
(174, 11165.6225)
(175, 11197.0111)
(176, 11235.6072)
(177, 11265.6798)
(178, 11306.5780)
(179, 11343.7217)
(180, 11375.4734)
(181, 11438.7384)
(182, 11468.0037)
(183, 11504.9197)
(184, 11538.2563)
(185, 11570.3500)
(186, 11599.3545)
(187, 11654.7395)
(188, 11693.4388)
(189, 11729.0847)
(190, 11750.8784)
(191, 11798.5825)
(192, 11826.0091)
(193, 11849.8114)
(194, 11883.1490)
(195, 11919.9864)
(196, 11944.5775)
(197, 11981.6595)
(198, 12011.7832)
(199, 12043.0227)
(200, 12079.2371)
(201, 12109.6656)
(202, 12147.3657)
(203, 12185.4652)
(204, 12236.5457)
(205, 12268.7414)
(206, 12301.1231)
(207, 12330.3974)
(208, 12356.7505)
(209, 12399.7574)
(210, 12424.6275)
(211, 12483.7817)
(212, 12517.3574)
(213, 12553.9541)
(214, 12579.2122)
(215, 12599.6242)
(216, 12627.4003)
(217, 12658.5377)
(218, 12684.1355)
(219, 12738.9675)
(220, 12766.7158)
(221, 12802.9537)
(222, 12832.4519)
(223, 12855.4087)
(224, 12885.8984)
(225, 12918.7110)
(226, 12949.0155)
(227, 12966.5504)
(228, 12997.2681)
(229, 13026.5417)
(230, 13072.0943)
(231, 13099.2444)
(232, 13145.0673)
(233, 13174.7837)
(234, 13211.4060)
(235, 13236.8900)
(236, 13264.7339)
(237, 13287.5222)
(238, 13319.6434)
(239, 13379.7105)
(240, 13427.4039)
(241, 13462.5301)
(242, 13500.5019)
(243, 13535.8001)
(244, 13557.3487)
(245, 13578.9863)
(246, 13647.1712)
(247, 13688.3922)
(248, 13716.4698)
(249, 13755.0036)
(250, 13791.0834)
(251, 13828.2939)
(252, 13853.1584)
(253, 13885.5717)
(254, 13914.6769)
(255, 13935.7537)
(256, 13988.3507)
(257, 14009.3950)
(258, 14030.3889)
(259, 14064.5053)
(260, 14084.2263)
(261, 14122.1864)
(262, 14151.9471)
(263, 14182.4961)
(264, 14233.5794)
(265, 14267.3272)
(266, 14300.8712)
(267, 14333.1905)
(268, 14357.4958)
(269, 14402.0885)
(270, 14427.9911)
(271, 14448.4423)
(272, 14488.4952)
(273, 14515.7510)
(274, 14549.4819)
(275, 14585.1819)
(276, 14615.9371)
(277, 14644.9148)
(278, 14669.2647)
(279, 14703.4151)
(280, 14725.9477)
(281, 14764.5148)
(282, 14784.8448)
(283, 14809.9568)
(284, 14838.3963)
(285, 14857.7150)
(286, 14878.5304)
(287, 14910.9976)
(288, 14936.7380)
(289, 14968.4476)
(290, 14987.6262)
(291, 15019.0069)
(292, 15044.2414)
(293, 15066.7015)
(294, 15095.6189)
(295, 15124.0073)
(296, 15159.4787)
(297, 15192.0103)
(298, 15232.6580)
(299, 15257.4558)
(300, 15288.8484)
(301, 15332.7009)
(302, 15356.8514)
(303, 15383.1159)
(304, 15412.3138)
(305, 15441.5436)
(306, 15466.8550)
(307, 15479.3295)
(308, 15506.2843)
(309, 15536.3939)
(310, 15556.9658)
(311, 15585.3998)
(312, 15619.4032)
(313, 15637.7520)
(314, 15661.0271)
(315, 15676.4749)
(316, 15708.1594)
(317, 15730.5116)
(318, 15750.2688)
(319, 15773.0657)
(320, 15800.1150)
(321, 15810.2267)
(322, 15839.2008)
(323, 15864.8041)
(324, 15893.1533)
(325, 15916.7763)
(326, 15940.8192)
(327, 15960.2075)
(328, 16001.0313)
(329, 16023.4047)
(330, 16049.7192)
(331, 16078.4367)
(332, 16106.7441)
(333, 16143.1366)
(334, 16164.9244)
(335, 16189.4063)
(336, 16211.6142)
(337, 16234.9685)
(338, 16259.1055)
(339, 16281.3857)
(340, 16298.4832)
(341, 16316.9150)
(342, 16350.3981)
(343, 16379.0878)
(344, 16400.5120)
(345, 16433.2177)
(346, 16453.1280)
(347, 16468.9338)
(348, 16490.7389)
(349, 16518.9222)
(350, 16535.4596)
(351, 16559.4043)
(352, 16581.8218)
(353, 16602.8851)
(354, 16621.9383)
(355, 16648.8541)
(356, 16670.7656)
(357, 16718.2955)
(358, 16737.9715)
(359, 16764.7276)
(360, 16807.1195)
(361, 16826.6503)
(362, 16883.8686)
(363, 16910.1219)
(364, 16927.4956)
(365, 16949.9771)
(366, 16990.3355)
(367, 17005.5220)
(368, 17032.3338)
(369, 17055.6612)
(370, 17073.3648)
(371, 17096.3856)
(372, 17117.5051)
(373, 17146.4691)
(374, 17190.1248)
(375, 17215.3194)
(376, 17232.5254)
(377, 17262.4686)
(378, 17279.9585)
(379, 17306.3992)
(380, 17322.1316)
(381, 17337.6622)
(382, 17352.6884)
(383, 17372.5699)
(384, 17400.1713)
(385, 17422.4276)
(386, 17442.1150)
(387, 17460.6635)
(388, 17492.6566)
(389, 17508.3805)
(390, 17526.2245)
(391, 17539.4639)
(392, 17554.7649)
(393, 17590.9795)
(394, 17629.1638)
(395, 17648.8021)
(396, 17671.8988)
(397, 17686.7046)
(398, 17710.9695)
(399, 17734.2148)
(400, 17751.8078)
(401, 17765.0293)
(402, 17794.2717)
(403, 17824.9934)
(404, 17840.3393)
(405, 17859.2254)
(406, 17866.9493)
(407, 17885.4096)
(408, 17918.2760)
(409, 17951.2886)
(410, 17971.2453)
(411, 17991.4866)
(412, 18017.3973)
(413, 18043.6761)
(414, 18057.8652)
(415, 18074.4880)
(416, 18083.8799)
(417, 18104.0268)
(418, 18125.0737)
(419, 18144.0971)
(420, 18168.3921)
(421, 18206.7602)
(422, 18225.0641)
(423, 18251.5004)
(424, 18274.7595)
(425, 18297.4840)
(426, 18326.6147)
(427, 18336.2533)
(428, 18384.4345)
(429, 18434.0901)
(430, 18443.6809)
(431, 18479.4797)
(432, 18496.7779)
(433, 18528.9320)
(434, 18544.4997)
(435, 18564.6289)
(436, 18583.1231)
(437, 18611.8331)
(438, 18644.4197)
(439, 18662.4366)
(440, 18683.3092)
(441, 18699.8234)
(442, 18730.7514)
(443, 18753.0987)
(444, 18777.3236)
(445, 18793.8579)
(446, 18813.1700)
(447, 18836.3659)
(448, 18858.7029)
(449, 18876.5978)
(450, 18890.0108)
(451, 18908.6704)
(452, 18941.7401)
(453, 18961.4229)
(454, 18976.1977)
(455, 19008.8836)
(456, 19024.3651)
(457, 19048.9942)
(458, 19063.8876)
(459, 19090.9083)
(460, 19118.6990)
(461, 19139.6427)
(462, 19161.8119)
(463, 19183.3541)
(464, 19236.1511)
(465, 19247.6578)
(466, 19285.4719)
(467, 19333.5248)
(468, 19346.3208)
(469, 19373.9987)
(470, 19403.6786)
(471, 19426.8185)
(472, 19445.8393)
(473, 19478.5548)
(474, 19515.2386)
(475, 19545.0049)
(476, 19571.3655)
(477, 19581.2208)
(478, 19603.9689)
(479, 19614.6122)
(480, 19630.1902)
(481, 19643.5853)
(482, 19675.2494)
(483, 19700.7842)
(484, 19714.1298)
(485, 19728.6468)
(486, 19741.1834)
(487, 19759.2539)
(488, 19780.0881)
(489, 19808.4341)
(490, 19837.3778)
(491, 19858.7570)
(492, 19884.9218)
(493, 19906.6116)
(494, 19932.9033)
(495, 19949.0603)
(496, 19966.3886)
(497, 19973.8256)
(498, 19995.7587)
(499, 20012.3158)
(500, 20021.9324)
(501, 20032.3989)
(502, 20053.2756)
(503, 20070.6186)
(504, 20088.9374)
(505, 20101.9445)
(506, 20138.8318)
(507, 20164.1090)
(508, 20181.7566)
(509, 20203.5952)
(510, 20226.2425)
(511, 20248.0761)
(512, 20262.7608)
(513, 20283.6922)
(514, 20302.1582)
(515, 20326.4132)
(516, 20345.7856)
(517, 20358.6780)
(518, 20374.2920)
(519, 20411.2645)
(520, 20442.0743)
(521, 20459.2540)
(522, 20474.6121)
(523, 20493.6227)
(524, 20512.9447)
(525, 20522.2947)
(526, 20527.8064)
(527, 20546.4816)
(528, 20559.0627)
(529, 20568.0613)
(530, 20594.8900)
(531, 20621.5008)
(532, 20636.8949)
(533, 20660.1560)
(534, 20674.1371)
(535, 20688.6624)
(536, 20721.8397)
(537, 20746.6372)
(538, 20763.2362)
(539, 20799.1336)
(540, 20825.9330)
(541, 20849.3913)
(542, 20872.9538)
(543, 20892.6680)
(544, 20908.2514)
(545, 20925.0480)
(546, 20940.2801)
(547, 20954.0856)
(548, 20962.4742)
(549, 20987.3744)
(550, 21007.0425)
(551, 21050.8603)
(552, 21064.8228)
(553, 21083.5765)
(554, 21107.9930)
(555, 21120.2907)
(556, 21175.0104)
(557, 21200.6564)
(558, 21219.7420)
(559, 21241.8189)
(560, 21266.5777)
(561, 21292.3181)
(562, 21308.0579)
(563, 21339.4489)
(564, 21352.0820)
(565, 21371.0191)
(566, 21385.7847)
(567, 21406.2750)
(568, 21437.3165)
(569, 21472.7048)
(570, 21485.8457)
(571, 21507.6565)
(572, 21536.0735)
(573, 21558.4798)
(574, 21582.8530)
(575, 21593.1682)
(576, 21600.1040)
(577, 21615.4022)
(578, 21623.5832)
(579, 21637.4647)
(580, 21688.8463)
(581, 21721.3810)
(582, 21736.0430)
(583, 21777.6868)
(584, 21792.1370)
(585, 21807.1321)
(586, 21835.8414)
(587, 21878.6688)
(588, 21911.5348)
(589, 21927.5517)
(590, 21936.7959)
(591, 21968.7287)
(592, 21982.1025)
(593, 22012.8784)
(594, 22024.6415)
(595, 22035.4973)
(596, 22066.8164)
(597, 22102.5310)
(598, 22119.1642)
(599, 22134.3073)
(600, 22147.7179)
(601, 22169.6387)
(602, 22179.7050)
(603, 22193.9522)
(604, 22240.5613)
(605, 22275.4692)
(606, 22298.8009)
(607, 22319.4855)
(608, 22350.9962)
(609, 22383.6171)
(610, 22401.7884)
(611, 22458.1509)
(612, 22502.1102)
(613, 22519.9137)
(614, 22534.8549)
(615, 22549.4030)
(616, 22565.8622)
(617, 22569.4307)
(618, 22586.2227)
(619, 22604.3701)
(620, 22610.4686)
(621, 22619.8721)
(622, 22640.6836)
(623, 22682.6186)
(624, 22697.9768)
(625, 22722.9070)
(626, 22741.3125)
(627, 22813.3135)
(628, 22836.6528)
(629, 22852.3130)
(630, 22870.6911)
(631, 22880.1286)
(632, 22903.9459)
(633, 22923.7851)
(634, 22935.1036)
(635, 22953.4102)
(636, 22964.9162)
(637, 23001.3971)
(638, 23020.6845)
(639, 23032.1915)
(640, 23046.6776)
(641, 23056.2231)
(642, 23062.7996)
(643, 23084.2409)
(644, 23101.0656)
(645, 23161.4657)
(646, 23182.9071)
(647, 23197.1952)
(648, 23216.2488)
(649, 23235.3148)
(650, 23239.9123)
(651, 23257.5656)
(652, 23274.2303)
(653, 23289.2767)
(654, 23309.7015)
(655, 23317.2351)
(656, 23337.4571)
(657, 23351.5702)
(658, 23360.2392)
(659, 23384.8226)
(660, 23405.7183)
(661, 23431.9419)
(662, 23444.2728)
(663, 23451.7424)
(664, 23481.3543)
(665, 23535.7754)
(666, 23558.7631)
(667, 23571.2091)
(668, 23581.9435)
(669, 23594.0466)
(670, 23653.1964)
(671, 23662.9661)
(672, 23690.7523)
(673, 23726.7013)
(674, 23796.7647)
(675, 23841.0559)
(676, 23856.1047)
(677, 23871.2799)
(678, 23888.3836)
(679, 23903.9564)
(680, 23928.4272)
(681, 23935.2433)
(682, 23949.8887)
(683, 23969.9542)
(684, 23985.8713)
(685, 24011.5177)
(686, 24051.5905)
(687, 24078.1421)
(688, 24097.0908)
(689, 24111.5839)
(690, 24137.2947)
(691, 24153.1552)
(692, 24170.1159)
(693, 24180.0296)
(694, 24196.1008)
(695, 24212.9262)
(696, 24239.3569)
(697, 24253.5640)
(698, 24317.9144)
(699, 24349.1821)
(700, 24376.4262)
(701, 24401.2280)
(702, 24418.0298)
(703, 24437.3717)
(704, 24455.5970)
(705, 24472.2950)
(706, 24485.7748)
(707, 24509.3424)
(708, 24529.7751)
(709, 24540.0063)
(710, 24557.7433)
(711, 24567.8756)
(712, 24575.3059)
(713, 24605.8397)
(714, 24633.8243)
(715, 24665.3407)
(716, 24686.0732)
(717, 24693.0078)
(718, 24729.0532)
(719, 24748.8371)
(720, 24768.1038)
(721, 24787.8234)
(722, 24802.6594)
(723, 24819.8314)
(724, 24852.1083)
(725, 24894.9763)
(726, 24907.4134)
(727, 24953.5816)
(728, 24962.9352)
(729, 24992.7446)
(730, 25016.6912)
(731, 25025.9114)
(732, 25045.3532)
(733, 25057.8825)
(734, 25073.2586)
(735, 25095.4949)
(736, 25112.5680)
(737, 25161.3748)
(738, 25173.5179)
(739, 25189.5438)
(740, 25212.9710)
(741, 25261.7801)
(742, 25280.2453)
(743, 25311.6058)
(744, 25377.7419)
(745, 25396.3214)
(746, 25416.4359)
(747, 25432.7487)
(748, 25450.0843)
(749, 25467.7275)
(750, 25492.4139)
(751, 25524.6497)
(752, 25542.3850)
(753, 25562.5452)
(754, 25578.1856)
(755, 25589.5934)
(756, 25611.4833)
(757, 25628.3731)
(758, 25640.0535)
(759, 25647.4145)
(760, 25656.1697)
(761, 25679.9357)
(762, 25694.4033)
(763, 25704.3404)
(764, 25713.1682)
(765, 25729.6419)
(766, 25760.7193)
(767, 25779.5472)
(768, 25794.0142)
(769, 25812.5275)
(770, 25832.0816)
(771, 25852.1046)
(772, 25867.2631)
(773, 25882.1283)
(774, 25901.9083)
(775, 25934.3909)
(776, 25956.6495)
(777, 25971.6526)
(778, 26007.2861)
(779, 26028.3035)
(780, 26042.9670)
(781, 26050.5063)
(782, 26068.1674)
(783, 26080.3980)
(784, 26127.6219)
(785, 26176.1373)
(786, 26192.7524)
(787, 26205.4780)
(788, 26233.7042)
(789, 26241.9531)
(790, 26258.6883)
(791, 26295.5231)
(792, 26322.7974)
(793, 26357.9190)
(794, 26377.6833)
(795, 26409.0633)
(796, 26417.5941)
(797, 26433.8531)
(798, 26451.5969)
(799, 26466.3245)
(800, 26486.6983)
(801, 26515.6578)
(802, 26551.0351)
(803, 26569.2608)
(804, 26601.6909)
(805, 26615.7200)
(806, 26626.8963)
(807, 26643.9647)
(808, 26728.2198)
(809, 26747.7743)
(810, 26773.2404)
(811, 26792.8920)
(812, 26805.8714)
(813, 26841.3829)
(814, 26860.4885)
(815, 26891.7243)
(816, 26927.3894)
(817, 26942.1516)
(818, 26977.9611)
(819, 26997.6697)
(820, 27033.5806)
(821, 27067.9746)
(822, 27075.7166)
(823, 27093.4631)
(824, 27110.5155)
(825, 27128.4487)
(826, 27148.9814)
(827, 27158.0358)
(828, 27179.1001)
(829, 27196.1119)
(830, 27294.7117)
(831, 27319.3022)
(832, 27346.3639)
(833, 27368.2430)
(834, 27398.0345)
(835, 27472.0670)
(836, 27486.5395)
(837, 27519.0556)
(838, 27553.6554)
(839, 27596.7901)
(840, 27628.0771)
(841, 27638.9332)
(842, 27655.2052)
(843, 27676.3830)
(844, 27704.9025)
(845, 27710.3685)
(846, 27748.8509)
(847, 27779.4418)
(848, 27835.3549)
(849, 27842.4204)
(850, 27862.8427)
(851, 27898.4095)
(852, 27941.5291)
(853, 27959.1963)
(854, 27971.7931)
(855, 27998.2453)
(856, 28016.9596)
(857, 28038.7739)
(858, 28093.3433)
(859, 28161.6157)
(860, 28227.2148)
(861, 28263.6709)
(862, 28288.6675)
(863, 28299.4466)
(864, 28347.2507)
(865, 28367.7190)
(866, 28388.9942)
(867, 28397.7503)
(868, 28410.8465)
(869, 28423.5600)
(870, 28439.3219)
(871, 28465.2369)
(872, 28487.9571)
(873, 28501.0452)
(874, 28530.6845)
(875, 28566.5829)
(876, 28573.7651)
(877, 28586.0284)
(878, 28591.2750)
(879, 28604.3364)
(880, 28619.0463)
(881, 28631.6059)
(882, 28640.3703)
(883, 28660.8078)
(884, 28685.1629)
(885, 28701.0998)
(886, 28729.3120)
(887, 28764.9482)
(888, 28774.5721)
(889, 28788.0798)
(890, 28808.8085)
(891, 28859.8512)
(892, 28874.3131)
(893, 28898.5340)
(894, 28913.6575)
(895, 28928.4025)
(896, 28991.0710)
(897, 29001.9288)
(898, 29029.4506)
(899, 29046.1971)
(900, 29075.1300)
(901, 29092.1254)
(902, 29123.9181)
(903, 29130.3393)
(904, 29200.3710)
(905, 29215.1765)
(906, 29229.3461)
(907, 29246.9320)
(908, 29270.5994)
(909, 29305.5324)
(910, 29314.7957)
(911, 29355.7326)
(912, 29412.7492)
(913, 29432.1032)
(914, 29459.0566)
(915, 29471.5773)
(916, 29518.6940)
(917, 29531.2377)
(918, 29558.7806)
(919, 29575.3747)
(920, 29591.1691)
(921, 29600.1113)
(922, 29649.2801)
(923, 29665.6703)
(924, 29695.5874)
(925, 29709.6936)
(926, 29728.9620)
(927, 29804.0869)
(928, 29833.2076)
(929, 29845.9647)
(930, 29883.2747)
(931, 29899.8609)
(932, 29915.6595)
(933, 29932.8167)
(934, 29953.7662)
(935, 29969.8021)
(936, 29979.2693)
(937, 29997.8814)
(938, 30018.5803)
(939, 30071.3921)
(940, 30081.8251)
(941, 30093.4619)
(942, 30117.7094)
(943, 30128.5038)
(944, 30142.5552)
(945, 30159.8391)
(946, 30175.5918)
(947, 30203.6457)
(948, 30211.7939)
(949, 30224.8242)
(950, 30233.4825)
(951, 30250.7107)
(952, 30278.5521)
(953, 30303.5512)
(954, 30337.0859)
(955, 30350.4557)
(956, 30357.9400)
(957, 30379.4468)
(958, 30402.2180)
(959, 30409.8222)
(960, 30422.5270)
(961, 30432.8184)
(962, 30512.3556)
(963, 30560.3687)
(964, 30627.6385)
(965, 30635.6968)
(966, 30656.0054)
(967, 30692.4755)
(968, 30713.0897)
(969, 30810.4093)
(970, 30829.2930)
(971, 30842.6191)
(972, 30865.1240)
(973, 30901.0678)
(974, 30909.0012)
(975, 30932.6678)
(976, 30978.2942)
(977, 30985.9566)
(978, 30994.2484)
(979, 31008.5570)
(980, 31017.1603)
(981, 31036.7365)
(982, 31044.7114)
(983, 31062.0056)
(984, 31083.2444)
(985, 31102.1723)
(986, 31119.5199)
(987, 31153.4045)
(988, 31169.4485)
(989, 31178.9571)
(990, 31188.4121)
(991, 31204.5092)
(992, 31215.2362)
(993, 31236.7462)
(994, 31266.9606)
(995, 31300.3155)
(996, 31314.6559)
(997, 31331.1927)
(998, 31337.3716)
(999, 31349.8234)
(1000, 31364.5063)
(1001, 31370.2214)
(1002, 31383.9403)
(1003, 31396.0979)
(1004, 31433.0707)
(1005, 31438.1773)
(1006, 31447.0195)
(1007, 31475.2166)
(1008, 31500.5880)
(1009, 31511.0206)
(1010, 31520.6559)
(1011, 31540.3135)
(1012, 31564.9808)
(1013, 31591.8676)
(1014, 31605.4753)
(1015, 31624.8859)
(1016, 31657.5166)
(1017, 31667.8095)
(1018, 31678.2675)
(1019, 31694.8842)
(1020, 31702.7797)
(1021, 31710.7381)
(1022, 31719.4039)
(1023, 31749.0172)
(1024, 31790.3530)
(1025, 31799.4899)
(1026, 31830.1115)
(1027, 31845.8184)
(1028, 31870.2682)
(1029, 31875.3096)
(1030, 31883.0195)
(1031, 31898.7175)
(1032, 31938.2103)
(1033, 32004.1265)
(1034, 32015.9906)
(1035, 32034.7283)
(1036, 32051.3802)
(1037, 32071.4610)
(1038, 32085.5033)
(1039, 32100.6386)
(1040, 32114.8437)
(1041, 32125.0188)
(1042, 32135.0325)
(1043, 32148.4975)
(1044, 32169.7821)
(1045, 32181.3581)
(1046, 32189.8353)
(1047, 32210.2503)
(1048, 32228.6214)
(1049, 32236.0808)
(1050, 32257.1242)
(1051, 32271.2253)
(1052, 32282.5311)
(1053, 32294.6518)
(1054, 32329.0571)
(1055, 32335.5729)
(1056, 32346.6220)
(1057, 32349.1945)
(1058, 32389.9852)
(1059, 32401.1526)
(1060, 32415.1106)
(1061, 32430.7353)
(1062, 32446.2034)
(1063, 32455.9800)
(1064, 32475.0938)
(1065, 32486.1423)
(1066, 32503.2127)
(1067, 32508.6449)
(1068, 32554.1641)
(1069, 32561.3661)
(1070, 32582.3000)
(1071, 32748.5845)
(1072, 32767.2607)
(1073, 32812.0166)
(1074, 32824.9273)
(1075, 32841.8594)
(1076, 32877.3247)
(1077, 32882.0326)
(1078, 32889.7646)
(1079, 32929.3159)
(1080, 33091.4274)
(1081, 33097.6267)
(1082, 33103.3422)
(1083, 33119.7229)
(1084, 33150.8061)
(1085, 33157.9649)
(1086, 33181.6317)
(1087, 33251.6536)
(1088, 33437.2612)
(1089, 33444.2660)
(1090, 33452.4415)
(1091, 33469.0779)
(1092, 33475.1549)
(1093, 33491.2843)
(1094, 33504.3032)
(1095, 33530.3486)
(1096, 33541.3035)
(1097, 33595.9107)
(1098, 33617.9428)
(1099, 33631.8878)
(1100, 33661.5855)
(1101, 33669.5628)
(1102, 33681.4239)
(1103, 33685.6118)
(1104, 33713.9851)
(1105, 33734.7624)
(1106, 33756.3901)
(1107, 33790.5310)
(1108, 33808.7099)
(1109, 33825.2613)
(1110, 33861.5846)
(1111, 33885.2280)
(1112, 33944.2435)
(1113, 33954.8513)
(1114, 33965.2593)
(1115, 33981.5882)
(1116, 33999.4014)
(1117, 34008.6927)
(1118, 34061.8343)
(1119, 34066.9056)
(1120, 34074.3121)
(1121, 34115.5825)
(1122, 34156.6994)
(1123, 34164.5610)
(1124, 34178.0179)
(1125, 34292.9629)
(1126, 34319.0746)
(1127, 34340.4203)
(1128, 34377.0045)
(1129, 34395.3666)
(1130, 34400.0625)
(1131, 34425.3889)
(1132, 34435.4099)
(1133, 34442.0200)
(1134, 34478.7607)
(1135, 34494.4889)
(1136, 34515.8766)
(1137, 34575.8422)
(1138, 34590.9247)
(1139, 34615.2924)
(1140, 34637.7876)
(1141, 34650.7135)
(1142, 34691.3237)
(1143, 34709.0530)
(1144, 34730.7262)
(1145, 34745.5883)
(1146, 34761.2005)
(1147, 34771.9616)
(1148, 34773.9659)
(1149, 34803.6556)
(1150, 34814.5140)
(1151, 34818.1792)
(1152, 34856.4858)
(1153, 34891.2618)
(1154, 34899.1540)
(1155, 34929.1280)
(1156, 34935.3188)
(1157, 34952.4850)
(1158, 34961.8860)
(1159, 34974.7360)
(1160, 35010.2657)
(1161, 35023.8467)
(1162, 35027.7695)
(1163, 35045.8821)
(1164, 35096.9576)
(1165, 35201.9991)
(1166, 35220.8744)
(1167, 35227.7255)
(1168, 35235.4246)
(1169, 35239.6641)
(1170, 35253.3053)
(1171, 35295.9703)
(1172, 35307.5564)
(1173, 35316.0700)
(1174, 35331.5331)
(1175, 35350.9630)
(1176, 35372.1461)
(1177, 35391.5495)
(1178, 35408.6852)
(1179, 35417.3274)
(1180, 35428.4346)
(1181, 35436.4523)
(1182, 35461.7804)
(1183, 35491.9771)
(1184, 35505.8872)
(1185, 35528.4010)
(1186, 35542.2059)
(1187, 35548.6196)
(1188, 35553.0584)
(1189, 35616.0603)
(1190, 35621.3033)
(1191, 35642.0268)
(1192, 35653.1719)
(1193, 35661.0441)
(1194, 35711.3989)
(1195, 35722.8352)
(1196, 35744.7378)
(1197, 35761.8595)
(1198, 35779.6250)
(1199, 35792.3099)
(1200, 35806.3512)
(1201, 35833.0987)
(1202, 35880.3789)
(1203, 35902.4592)
(1204, 35916.5650)
(1205, 35921.2304)
(1206, 35926.6523)
(1207, 35961.4532)
(1208, 35968.7802)
(1209, 36090.1599)
(1210, 36105.1336)
(1211, 36113.9912)
(1212, 36123.2351)
(1213, 36183.3360)
(1214, 36197.3393)
(1215, 36217.2410)
(1216, 36234.2683)
(1217, 36245.0800)
(1218, 36275.3330)
(1219, 36299.6361)
(1220, 36322.9144)
(1221, 36369.3544)
(1222, 36391.6697)
(1223, 36395.2792)
(1224, 36402.3626)
(1225, 36417.8148)
(1226, 36435.4565)
(1227, 36444.9976)
(1228, 36461.1756)
(1229, 36488.7496)
(1230, 36510.8227)
(1231, 36528.6583)
(1232, 36554.3419)
(1233, 36559.8007)
(1234, 36590.9908)
(1235, 36607.1860)
(1236, 36628.6193)
(1237, 36647.5941)
(1238, 36654.7151)
(1239, 36676.7666)
(1240, 36683.0472)
(1241, 36700.8390)
(1242, 36714.7081)
(1243, 36723.8659)
(1244, 36726.5329)
(1245, 36743.6275)
(1246, 36761.9562)
(1247, 36773.6114)
(1248, 36795.7681)
(1249, 36823.6249)
(1250, 36838.5939)
(1251, 36859.2009)
(1252, 36876.5589)
(1253, 36905.3076)
(1254, 36919.9952)
(1255, 36929.5973)
(1256, 36938.7796)
(1257, 36964.2566)
(1258, 36973.8549)
(1259, 36985.7454)
(1260, 36992.1105)
(1261, 36997.5360)
(1262, 37017.3087)
(1263, 37026.8738)
(1264, 37035.0543)
(1265, 37055.0593)
(1266, 37069.7277)
(1267, 37082.8340)
(1268, 37109.9220)
(1269, 37132.1087)
(1270, 37134.5142)
(1271, 37144.9092)
(1272, 37158.6944)
(1273, 37168.6292)
(1274, 37178.6340)
(1275, 37204.9169)
(1276, 37218.6646)
(1277, 37230.0657)
(1278, 37251.7226)
(1279, 37270.5664)
(1280, 37278.6091)
(1281, 37290.7931)
(1282, 37309.5206)
(1283, 37320.9115)
(1284, 37366.5922)
(1285, 37389.9192)
(1286, 37464.9989)
(1287, 37476.0182)
(1288, 37496.7468)
(1289, 37503.2971)
(1290, 37519.1350)
(1291, 37523.0803)
(1292, 37539.0061)
(1293, 37542.9344)
(1294, 37559.6123)
(1295, 37573.1399)
(1296, 37577.7117)
(1297, 37768.4160)
(1298, 37778.1021)
(1299, 37788.6281)
(1300, 37801.0834)
(1301, 37802.3187)
(1302, 37841.8112)
(1303, 37853.8659)
(1304, 37869.1394)
(1305, 37876.6378)
(1306, 37896.3372)
(1307, 37965.5135)
(1308, 37974.8575)
(1309, 37994.4172)
(1310, 37998.9855)
(1311, 38011.3518)
(1312, 38028.1464)
(1313, 38066.5066)
(1314, 38081.7916)
(1315, 38102.8086)
(1316, 38117.7776)
(1317, 38121.2600)
(1318, 38188.1707)
(1319, 38192.5386)
(1320, 38216.9398)
(1321, 38250.3885)
(1322, 38274.6665)
(1323, 38313.6813)
(1324, 38346.6305)
(1325, 38369.9635)
(1326, 38393.0697)
(1327, 38405.6771)
(1328, 38420.9324)
(1329, 38443.8377)
(1330, 38456.5444)
(1331, 38465.3320)
(1332, 38475.6824)
(1333, 38484.3131)
(1334, 38517.2217)
(1335, 38523.7970)
(1336, 38547.5801)
(1337, 38555.4188)
(1338, 38559.6426)
(1339, 38574.5507)
(1340, 38584.6860)
(1341, 38591.3647)
(1342, 38621.1267)
(1343, 38640.0191)
(1344, 38647.9982)
(1345, 38666.8355)
(1346, 38692.6642)
(1347, 38708.5603)
(1348, 38724.4370)
(1349, 38735.1900)
(1350, 38757.4622)
(1351, 38804.4183)
(1352, 38811.2033)
(1353, 38860.4890)
(1354, 38881.2672)
(1355, 38884.2139)
(1356, 38894.4976)
(1357, 38897.4442)
(1358, 38906.3637)
(1359, 38923.2390)
(1360, 38950.8330)
(1361, 38983.6847)
(1362, 38988.5770)
(1363, 38998.7375)
(1364, 39070.6421)
(1365, 39080.9248)
(1366, 39088.8050)
(1367, 39096.7474)
(1368, 39122.5801)
(1369, 39142.2309)
(1370, 39150.7497)
(1371, 39191.0971)
(1372, 39220.0661)
(1373, 39224.2830)
(1374, 39267.9786)
(1375, 39296.7113)
(1376, 39318.0713)
(1377, 39332.7676)
(1378, 39339.3363)
(1379, 39381.8675)
(1380, 39396.6232)
(1381, 39410.0078)
(1382, 39437.0922)
(1383, 39441.4038)
(1384, 39453.7528)
(1385, 39504.9759)
(1386, 39523.0166)
(1387, 39524.4838)
(1388, 39540.9291)
(1389, 39583.9194)
(1390, 39603.0878)
(1391, 39611.5605)
(1392, 39619.1231)
(1393, 39622.9675)
(1394, 39646.2979)
(1395, 39683.9519)
(1396, 39686.9116)
(1397, 39695.5229)
(1398, 39712.9663)
(1399, 39731.2330)
(1400, 39741.4323)
(1401, 39765.7606)
(1402, 39796.1590)
(1403, 39812.1163)
(1404, 39823.2784)
(1405, 39839.6806)
(1406, 39932.9081)
(1407, 40044.8783)
(1408, 40055.1127)
(1409, 40058.1984)
(1410, 40072.7438)
(1411, 40092.7335)
(1412, 40102.4971)
(1413, 40110.2779)
(1414, 40125.1898)
(1415, 40129.4570)
(1416, 40150.4953)
(1417, 40157.8816)
(1418, 40172.4739)
(1419, 40175.1486)
(1420, 40207.5187)
(1421, 40223.8350)
(1422, 40231.8240)
(1423, 40242.6433)
(1424, 40268.7558)
(1425, 40321.6894)
(1426, 40328.8137)
(1427, 40343.6873)
(1428, 40354.6633)
(1429, 40371.1195)
(1430, 40443.6681)
(1431, 40499.0940)
(1432, 40512.6028)
(1433, 40557.7595)
(1434, 40572.4501)
(1435, 40582.7077)
(1436, 40588.5051)
(1437, 40595.0721)
(1438, 40611.6012)
(1439, 40663.0680)
(1440, 40710.6984)
(1441, 40724.3285)
(1442, 40734.5251)
(1443, 40744.2409)
(1444, 40760.0946)
(1445, 40768.2670)
(1446, 40789.4175)
(1447, 40798.7203)
(1448, 40810.4033)
(1449, 40853.8200)
(1450, 40882.7343)
(1451, 40937.0454)
(1452, 40946.3532)
(1453, 40985.9982)
(1454, 41002.9932)
(1455, 41017.9895)
(1456, 41037.6259)
(1457, 41051.1711)
(1458, 41073.8677)
(1459, 41093.8189)
(1460, 41100.9949)
(1461, 41104.4439)
(1462, 41120.8677)
(1463, 41128.4191)
(1464, 41134.3985)
(1465, 41139.2959)
(1466, 41153.9588)
(1467, 41156.8093)
(1468, 41173.6160)
(1469, 41190.0446)
(1470, 41217.3976)
(1471, 41240.6880)
(1472, 41254.4950)
(1473, 41263.6687)
(1474, 41286.7004)
(1475, 41315.0477)
(1476, 41318.2162)
(1477, 41328.2719)
(1478, 41343.8900)
(1479, 41360.1444)
(1480, 41383.0153)
(1481, 41393.1270)
(1482, 41400.9151)
(1483, 41405.9486)
(1484, 41426.0250)
(1485, 41442.3544)
(1486, 41465.3343)
(1487, 41472.9760)
(1488, 41521.9099)
(1489, 41542.8112)
(1490, 41556.6986)
(1491, 41579.6139)
(1492, 41591.3292)
(1493, 41605.5400)
(1494, 41609.7992)
(1495, 41654.2171)
(1496, 41662.7624)
(1497, 41683.3856)
(1498, 41703.6575)
(1499, 41708.8573)
(1500, 41738.1196)
(1501, 41750.7276)
(1502, 41759.3830)
(1503, 41770.6503)
(1504, 41786.5426)
(1505, 41831.2813)
(1506, 41880.1320)
(1507, 41891.7666)
(1508, 41900.7912)
(1509, 41907.1118)
(1510, 41917.0015)
(1511, 41982.1409)
(1512, 42006.5637)
(1513, 42011.2975)
(1514, 42026.2366)
(1515, 42036.8352)
(1516, 42047.4366)
(1517, 42051.3948)
(1518, 42065.0953)
(1519, 42068.9351)
(1520, 42074.5927)
(1521, 42081.3216)
(1522, 42090.8066)
(1523, 42093.8273)
(1524, 42102.2450)
(1525, 42106.3353)
(1526, 42119.1805)
(1527, 42144.6452)
(1528, 42161.4102)
(1529, 42174.8225)
(1530, 42188.7133)
(1531, 42208.0498)
(1532, 42222.6659)
(1533, 42237.6795)
(1534, 42254.7683)
(1535, 42281.0663)
(1536, 42284.7623)
(1537, 42307.6650)
(1538, 42318.4665)
(1539, 42339.9768)
(1540, 42351.4818)
(1541, 42355.6820)
(1542, 42358.7639)
(1543, 42368.3665)
(1544, 42410.4514)
(1545, 42414.3678)
(1546, 42417.9717)
(1547, 42469.7061)
(1548, 42474.4319)
(1549, 42672.9160)
(1550, 42688.1120)
(1551, 42711.0237)
(1552, 42716.0303)
(1553, 42782.3923)
(1554, 42809.7953)
(1555, 42928.4734)
(1556, 42982.0270)
(1557, 43013.8570)
(1558, 43023.4883)
(1559, 43031.8128)
(1560, 43052.1734)
(1561, 43280.8064)
(1562, 43291.1614)
(1563, 43305.3198)
(1564, 43325.1958)
(1565, 43331.7695)
(1566, 43354.6948)
(1567, 43359.1452)
(1568, 43404.7066)
(1569, 43409.2422)
(1570, 43428.6832)
(1571, 43434.7639)
(1572, 43520.0188)
(1573, 43527.6819)
(1574, 43529.9861)
(1575, 43573.6371)
(1576, 43584.9379)
(1577, 43593.8203)
(1578, 43606.7674)
(1579, 43690.7934)
(1580, 43699.0924)
(1581, 43712.5034)
(1582, 43720.1654)
(1583, 43736.6318)
(1584, 43748.1001)
(1585, 43754.1164)
(1586, 43761.0512)
(1587, 43773.9596)
(1588, 43796.5866)
(1589, 43806.9021)
(1590, 43828.2387)
(1591, 43882.4145)
(1592, 43894.6145)
(1593, 43900.9286)
(1594, 43945.0193)
(1595, 43949.5852)
(1596, 43956.3552)
(1597, 43984.1640)
(1598, 44028.7657)
(1599, 44039.7364)
(1600, 44050.8939)
(1601, 44052.7919)
(1602, 44085.7725)
(1603, 44093.8435)
(1604, 44103.5502)
(1605, 44117.0039)
(1606, 44134.6677)
(1607, 44151.1567)
(1608, 44162.4518)
(1609, 44198.0382)
(1610, 44233.0758)
(1611, 44238.4408)
(1612, 44242.9602)
(1613, 44253.2525)
(1614, 44263.0552)
(1615, 44300.0677)
(1616, 44303.2350)
(1617, 44326.3246)
(1618, 44339.0981)
(1619, 44357.1230)
(1620, 44365.0400)
(1621, 44378.2134)
(1622, 44387.1218)
(1623, 44397.9226)
(1624, 44403.5076)
(1625, 44416.5869)
(1626, 44429.1449)
(1627, 44435.6862)
(1628, 44440.8575)
(1629, 44449.0095)
(1630, 44473.5128)
(1631, 44474.8177)
(1632, 44476.6622)
(1633, 44483.9532)
(1634, 44496.0001)
(1635, 44503.1530)
(1636, 44513.8489)
(1637, 44529.5692)
(1638, 44550.1528)
(1639, 44559.6958)
(1640, 44565.2101)
(1641, 44567.6816)
(1642, 44577.2819)
(1643, 44584.2183)
(1644, 44603.6455)
(1645, 44606.2676)
(1646, 44608.9333)
(1647, 44638.9196)
(1648, 44645.2428)
(1649, 44656.8615)
(1650, 44666.9132)
(1651, 44680.6994)
(1652, 44714.2284)
(1653, 44720.8774)
(1654, 44753.9402)
(1655, 44762.5522)
(1656, 44769.6337)
(1657, 44785.1877)
(1658, 44801.1576)
(1659, 44814.8126)
(1660, 44829.3418)
(1661, 44838.9570)
(1662, 44866.3630)
(1663, 44884.6621)
(1664, 44907.0602)
(1665, 44917.9281)
(1666, 44924.0991)
(1667, 44955.4270)
(1668, 45003.5669)
(1669, 45039.1471)
(1670, 45076.2401)
(1671, 45113.0243)
(1672, 45133.0100)
(1673, 45142.2732)
(1674, 45150.0074)
(1675, 45294.6990)
(1676, 45402.7716)
(1677, 45414.4841)
(1678, 45422.0978)
(1679, 45429.0648)
(1680, 45461.0334)
(1681, 45464.2241)
(1682, 45485.7756)
(1683, 45491.1215)
(1684, 45497.0197)
(1685, 45508.3856)
(1686, 45585.8209)
(1687, 45593.2543)
(1688, 45622.5519)
(1689, 45639.6818)
(1690, 45652.6905)
(1691, 45707.7078)
(1692, 45722.7158)
(1693, 45757.0214)
(1694, 45761.8239)
(1695, 45799.6946)
(1696, 45809.3802)
(1697, 45814.4132)
(1698, 45843.4882)
(1699, 45850.6224)
(1700, 45872.8228)
(1701, 45875.7058)
(1702, 45895.4388)
(1703, 45907.1384)
(1704, 45926.9411)
(1705, 45946.2004)
(1706, 46106.7897)
(1707, 46112.3079)
(1708, 46254.7629)
(1709, 46284.0510)
(1710, 46304.2024)
(1711, 46336.6630)
(1712, 46355.4087)
(1713, 46359.7662)
(1714, 46367.8846)
(1715, 46371.9592)
(1716, 46399.5657)
(1717, 46425.4154)
(1718, 46436.8227)
(1719, 46448.8755)
(1720, 46458.8682)
(1721, 46467.5074)
(1722, 46522.0248)
(1723, 46524.5926)
(1724, 46526.5936)
(1725, 46541.2046)
(1726, 46544.5903)
(1727, 46569.0683)
(1728, 46578.8155)
(1729, 46589.9035)
(1730, 46593.3155)
(1731, 46602.8615)
(1732, 46615.7188)
(1733, 46624.1102)
(1734, 46643.6691)
(1735, 46648.5885)
(1736, 46674.8825)
(1737, 46685.4245)
(1738, 46757.3342)
(1739, 46766.1939)
(1740, 46783.9713)
(1741, 46798.1888)
(1742, 46806.7899)
(1743, 46827.0787)
(1744, 46844.7677)
(1745, 46882.3605)
(1746, 46893.6119)
(1747, 46903.7219)
(1748, 46946.0500)
(1749, 46968.8190)
(1750, 47003.2114)
(1751, 47017.5261)
(1752, 47027.3111)
(1753, 47037.1796)
(1754, 47055.7149)
(1755, 47059.1829)
(1756, 47082.3782)
(1757, 47112.4862)
(1758, 47144.3655)
(1759, 47149.2722)
(1760, 47167.2462)
(1761, 47182.3498)
(1762, 47191.3481)
(1763, 47199.1519)
(1764, 47209.5102)
(1765, 47233.0682)
(1766, 47259.1809)
(1767, 47285.3336)
(1768, 47299.3127)
(1769, 47343.2004)
(1770, 47352.4953)
(1771, 47359.2330)
(1772, 47363.6889)
(1773, 47378.6192)
(1774, 47382.3591)
(1775, 47391.6958)
(1776, 47417.3638)
(1777, 47432.2520)
(1778, 47439.5400)
(1779, 47452.4201)
(1780, 47470.8459)
(1781, 47476.7340)
(1782, 47500.0910)
(1783, 47533.5809)
(1784, 47587.7403)
(1785, 47595.5909)
(1786, 47612.2999)
(1787, 47628.0135)
(1788, 47674.7120)
(1789, 47697.6480)
(1790, 47739.2255)
(1791, 47745.6059)
(1792, 47772.3680)
(1793, 47805.9787)
(1794, 47879.1992)
(1795, 47889.5084)
(1796, 47931.0335)
(1797, 47935.7785)
(1798, 47948.4672)
(1799, 47987.3975)
(1800, 48020.2512)
