(1, 301.4808)
(2, 577.8917)
(3, 832.4956)
(4, 1033.8288)
(5, 1213.5662)
(6, 1393.2325)
(7, 1581.8735)
(8, 1754.6532)
(9, 1937.1221)
(10, 2111.0050)
(11, 2288.7148)
(12, 2468.2564)
(13, 2622.9799)
(14, 2809.2062)
(15, 2966.9669)
(16, 3133.8941)
(17, 3274.6928)
(18, 3415.7820)
(19, 3558.8496)
(20, 3702.1341)
(21, 3855.9297)
(22, 3986.7492)
(23, 4109.8059)
(24, 4264.6812)
(25, 4411.6741)
(26, 4560.2661)
(27, 4706.9751)
(28, 4835.1500)
(29, 4959.1889)
(30, 5084.0076)
(31, 5178.3658)
(32, 5308.7090)
(33, 5423.5771)
(34, 5524.5390)
(35, 5647.6494)
(36, 5750.7100)
(37, 5847.9408)
(38, 5938.8545)
(39, 6032.6476)
(40, 6095.0055)
(41, 6209.9247)
(42, 6301.9405)
(43, 6402.7374)
(44, 6497.2164)
(45, 6563.4632)
(46, 6646.1957)
(47, 6733.2105)
(48, 6829.0406)
(49, 6907.8253)
(50, 7016.1807)
(51, 7102.8228)
(52, 7187.9708)
(53, 7290.1724)
(54, 7378.6606)
(55, 7489.3976)
(56, 7567.0436)
(57, 7640.7749)
(58, 7702.0624)
(59, 7771.9759)
(60, 7839.3877)
(61, 7915.6637)
(62, 8002.9388)
(63, 8076.9550)
(64, 8143.7758)
(65, 8209.0108)
(66, 8283.9847)
(67, 8341.1774)
(68, 8404.6991)
(69, 8475.5257)
(70, 8543.4245)
(71, 8609.6051)
(72, 8673.8997)
(73, 8739.9597)
(74, 8794.7414)
(75, 8835.0120)
(76, 8902.8947)
(77, 8963.4268)
(78, 9025.0344)
(79, 9089.4261)
(80, 9147.9362)
(81, 9199.4914)
(82, 9266.0367)
(83, 9335.2907)
(84, 9380.3479)
(85, 9436.8795)
(86, 9504.2447)
(87, 9560.4565)
(88, 9616.6668)
(89, 9660.1581)
(90, 9713.5178)
(91, 9762.8838)
(92, 9831.3225)
(93, 9877.9502)
(94, 9941.7478)
(95, 9984.3792)
(96, 10036.7437)
(97, 10078.5218)
(98, 10131.7488)
(99, 10177.1906)
(100, 10229.3306)
(101, 10274.2630)
(102, 10322.4595)
(103, 10374.7391)
(104, 10426.7964)
(105, 10484.3359)
(106, 10524.8126)
(107, 10588.3124)
(108, 10662.2390)
(109, 10720.5443)
(110, 10770.2142)
(111, 10811.4814)
(112, 10871.1503)
(113, 10934.7542)
(114, 10972.2396)
(115, 11030.5766)
(116, 11069.1278)
(117, 11129.9133)
(118, 11174.7309)
(119, 11227.9644)
(120, 11275.1771)
(121, 11322.7484)
(122, 11379.3250)
(123, 11438.4914)
(124, 11481.0111)
(125, 11518.7957)
(126, 11559.4766)
(127, 11602.3905)
(128, 11650.5509)
(129, 11697.0006)
(130, 11758.7011)
(131, 11797.5202)
(132, 11849.1994)
(133, 11882.5430)
(134, 11937.8819)
(135, 11975.4061)
(136, 12014.8396)
(137, 12046.9748)
(138, 12092.4347)
(139, 12118.4810)
(140, 12167.9403)
(141, 12208.0642)
(142, 12245.8553)
(143, 12286.2631)
(144, 12324.3699)
(145, 12371.3000)
(146, 12414.3314)
(147, 12458.7789)
(148, 12515.4425)
(149, 12549.7097)
(150, 12590.4672)
(151, 12623.0797)
(152, 12669.8011)
(153, 12724.8284)
(154, 12762.6208)
(155, 12796.0538)
(156, 12842.6377)
(157, 12872.1001)
(158, 12921.0380)
(159, 12967.6918)
(160, 13000.3308)
(161, 13049.0123)
(162, 13080.5932)
(163, 13123.5533)
(164, 13152.4299)
(165, 13205.4460)
(166, 13249.9843)
(167, 13287.2226)
(168, 13322.6867)
(169, 13363.5517)
(170, 13407.4976)
(171, 13440.6037)
(172, 13465.5836)
(173, 13510.8834)
(174, 13543.2312)
(175, 13585.8251)
(176, 13624.6810)
(177, 13665.2750)
(178, 13699.0145)
(179, 13738.0605)
(180, 13774.2123)
(181, 13813.6727)
(182, 13851.5532)
(183, 13882.2287)
(184, 13905.5318)
(185, 13929.2664)
(186, 13967.9915)
(187, 14007.4669)
(188, 14040.5129)
(189, 14075.0544)
(190, 14109.8361)
(191, 14148.4803)
(192, 14187.3498)
(193, 14244.7321)
(194, 14272.0455)
(195, 14310.5852)
(196, 14346.7060)
(197, 14385.6677)
(198, 14417.3334)
(199, 14467.5364)
(200, 14531.7681)
(201, 14561.2403)
(202, 14583.9879)
(203, 14618.9027)
(204, 14640.6676)
(205, 14676.5217)
(206, 14708.4194)
(207, 14735.9216)
(208, 14776.9696)
(209, 14807.8807)
(210, 14830.0824)
(211, 14852.5558)
(212, 14889.5106)
(213, 14926.7854)
(214, 14956.4172)
(215, 14998.1789)
(216, 15038.1164)
(217, 15061.3554)
(218, 15100.5899)
(219, 15126.4513)
(220, 15155.6743)
(221, 15189.2702)
(222, 15220.3532)
(223, 15256.3044)
(224, 15300.9182)
(225, 15324.4553)
(226, 15359.7552)
(227, 15424.7846)
(228, 15452.6552)
(229, 15481.2498)
(230, 15512.3303)
(231, 15552.5152)
(232, 15576.3087)
(233, 15610.9661)
(234, 15637.0853)
(235, 15660.9653)
(236, 15684.5394)
(237, 15712.1874)
(238, 15742.9878)
(239, 15784.2456)
(240, 15812.1690)
(241, 15836.5507)
(242, 15879.4841)
(243, 15913.7306)
(244, 15936.9877)
(245, 15979.5169)
(246, 16007.4924)
(247, 16072.9871)
(248, 16104.7180)
(249, 16169.1628)
(250, 16196.3569)
(251, 16225.8811)
(252, 16272.4001)
(253, 16308.4268)
(254, 16328.1433)
(255, 16349.8651)
(256, 16378.0262)
(257, 16415.3780)
(258, 16449.6863)
(259, 16471.8876)
(260, 16497.8306)
(261, 16516.3041)
(262, 16546.3432)
(263, 16580.4239)
(264, 16606.2264)
(265, 16639.6318)
(266, 16679.9565)
(267, 16709.4690)
(268, 16743.6440)
(269, 16796.8107)
(270, 16817.0275)
(271, 16844.3931)
(272, 16870.6451)
(273, 16888.3904)
(274, 16928.1824)
(275, 16962.0847)
(276, 16988.1579)
(277, 17017.1085)
(278, 17051.5640)
(279, 17067.2394)
(280, 17105.1185)
(281, 17123.3764)
(282, 17147.5211)
(283, 17177.4519)
(284, 17220.2653)
(285, 17246.6883)
(286, 17308.4745)
(287, 17348.3782)
(288, 17395.7655)
(289, 17429.7994)
(290, 17445.4432)
(291, 17486.5822)
(292, 17511.9261)
(293, 17540.3474)
(294, 17569.0508)
(295, 17602.4457)
(296, 17629.2524)
(297, 17655.4437)
(298, 17684.3302)
(299, 17712.5775)
(300, 17763.5818)
(301, 17792.3411)
(302, 17821.5196)
(303, 17845.9171)
(304, 17881.0435)
(305, 17914.9747)
(306, 17936.6095)
(307, 17966.6032)
(308, 17989.7598)
(309, 18014.8494)
(310, 18040.5306)
(311, 18073.1331)
(312, 18105.7238)
(313, 18190.0765)
(314, 18208.5142)
(315, 18233.6897)
(316, 18266.9587)
(317, 18294.3933)
(318, 18344.2647)
(319, 18378.0442)
(320, 18409.0037)
(321, 18450.7543)
(322, 18495.1871)
(323, 18518.9707)
(324, 18535.2138)
(325, 18568.1726)
(326, 18599.5553)
(327, 18615.8241)
(328, 18658.4808)
(329, 18780.4797)
(330, 18829.9159)
(331, 18862.8089)
(332, 18900.3214)
(333, 18915.5787)
(334, 18959.5757)
(335, 18978.3420)
(336, 19007.5205)
(337, 19036.2258)
(338, 19084.6245)
(339, 19110.6294)
(340, 19155.7849)
(341, 19198.0979)
(342, 19221.8369)
(343, 19250.2368)
(344, 19287.4634)
(345, 19309.6411)
(346, 19333.7073)
(347, 19368.6687)
(348, 19398.0453)
(349, 19433.4383)
(350, 19469.3150)
(351, 19506.2734)
(352, 19540.9633)
(353, 19571.5768)
(354, 19583.3632)
(355, 19602.0345)
(356, 19633.4437)
(357, 19649.6648)
(358, 19687.4479)
(359, 19717.1904)
(360, 19744.1007)
(361, 19773.5203)
(362, 19789.2434)
(363, 19845.8197)
(364, 19887.0040)
(365, 19910.7281)
(366, 19951.7085)
(367, 20006.1922)
(368, 20029.2137)
(369, 20073.5262)
(370, 20094.3705)
(371, 20111.1420)
(372, 20134.4396)
(373, 20149.0540)
(374, 20182.7177)
(375, 20207.5858)
(376, 20228.7788)
(377, 20252.7205)
(378, 20279.0120)
(379, 20331.6131)
(380, 20365.2316)
(381, 20436.8628)
(382, 20462.2923)
(383, 20499.4316)
(384, 20529.0616)
(385, 20556.6368)
(386, 20583.5509)
(387, 20606.8458)
(388, 20636.3225)
(389, 20664.7433)
(390, 20688.2514)
(391, 20712.6433)
(392, 20738.7557)
(393, 20756.1082)
(394, 20790.5116)
(395, 20809.6044)
(396, 20828.1999)
(397, 20841.3614)
(398, 20856.8495)
(399, 20881.4503)
(400, 20909.9535)
(401, 20925.0727)
(402, 21003.4070)
(403, 21039.5588)
(404, 21074.2880)
(405, 21100.8829)
(406, 21123.1339)
(407, 21143.7438)
(408, 21191.5812)
(409, 21214.3664)
(410, 21230.2562)
(411, 21239.7619)
(412, 21265.8077)
(413, 21281.0865)
(414, 21307.1953)
(415, 21332.5986)
(416, 21349.1555)
(417, 21372.6001)
(418, 21392.2052)
(419, 21416.5621)
(420, 21439.0218)
(421, 21456.8618)
(422, 21484.5249)
(423, 21509.5211)
(424, 21534.6882)
(425, 21560.7383)
(426, 21593.2516)
(427, 21615.0297)
(428, 21632.1693)
(429, 21656.0466)
(430, 21674.1055)
(431, 21712.0096)
(432, 21740.7184)
(433, 21771.3796)
(434, 21802.4508)
(435, 21819.5705)
(436, 21859.4779)
(437, 21874.4255)
(438, 21899.9626)
(439, 21917.5977)
(440, 21933.5101)
(441, 21947.2674)
(442, 21989.8991)
(443, 22015.3805)
(444, 22033.0154)
(445, 22057.4730)
(446, 22077.2155)
(447, 22108.8682)
(448, 22137.9102)
(449, 22160.8300)
(450, 22180.7999)
(451, 22194.1642)
(452, 22218.7864)
(453, 22249.7730)
(454, 22278.7555)
(455, 22295.1448)
(456, 22316.2568)
(457, 22336.6364)
(458, 22350.4131)
(459, 22378.7495)
(460, 22395.9560)
(461, 22408.7754)
(462, 22440.0605)
(463, 22466.3506)
(464, 22491.6958)
(465, 22510.5122)
(466, 22519.4915)
(467, 22537.8426)
(468, 22557.1474)
(469, 22574.0966)
(470, 22597.2652)
(471, 22613.1806)
(472, 22638.6192)
(473, 22670.4344)
(474, 22688.0998)
(475, 22705.4671)
(476, 22717.2815)
(477, 22737.1388)
(478, 22753.0308)
(479, 22775.8668)
(480, 22798.8938)
(481, 22816.9934)
(482, 22840.4005)
(483, 22874.1661)
(484, 22887.9239)
(485, 22914.8995)
(486, 22927.0910)
(487, 22966.8881)
(488, 22985.8864)
(489, 23019.9414)
(490, 23035.4860)
(491, 23058.5296)
(492, 23080.1062)
(493, 23094.3621)
(494, 23119.6800)
(495, 23151.8876)
(496, 23165.0503)
(497, 23180.7600)
(498, 23197.9971)
(499, 23228.0894)
(500, 23259.9953)
(501, 23280.5524)
(502, 23300.3919)
(503, 23330.3414)
(504, 23346.6804)
(505, 23364.2999)
(506, 23396.3828)
(507, 23443.0424)
(508, 23465.0034)
(509, 23484.1983)
(510, 23502.4945)
(511, 23519.8702)
(512, 23528.7641)
(513, 23558.0053)
(514, 23816.9510)
(515, 23841.3886)
(516, 23870.2848)
(517, 23882.4523)
(518, 23902.6029)
(519, 23961.8590)
(520, 24015.9698)
(521, 24043.8394)
(522, 24057.4887)
(523, 24075.2337)
(524, 24115.1602)
(525, 24132.4376)
(526, 24140.7814)
(527, 24173.1150)
(528, 24202.9638)
(529, 24254.2005)
(530, 24281.7244)
(531, 24311.2848)
(532, 24339.1869)
(533, 24367.9737)
(534, 24391.5271)
(535, 24422.6026)
(536, 24445.0328)
(537, 24485.9128)
(538, 24516.0100)
(539, 24550.6798)
(540, 24576.8944)
(541, 24591.1501)
(542, 24609.3060)
(543, 24623.4927)
(544, 24662.0066)
(545, 24682.7601)
(546, 24704.1696)
(547, 24722.5463)
(548, 24742.4312)
(549, 24776.3626)
(550, 24787.3926)
(551, 24818.2185)
(552, 24839.8637)
(553, 24877.2143)
(554, 24887.2990)
(555, 24956.0494)
(556, 24979.8563)
(557, 24994.8362)
(558, 25013.7346)
(559, 25025.3650)
(560, 25047.8124)
(561, 25079.3261)
(562, 25100.6465)
(563, 25115.9927)
(564, 25125.5040)
(565, 25141.8004)
(566, 25163.8530)
(567, 25182.5772)
(568, 25232.1532)
(569, 25251.7280)
(570, 25267.5238)
(571, 25288.3074)
(572, 25296.2618)
(573, 25319.5052)
(574, 25329.9144)
(575, 25352.9721)
(576, 25378.1751)
(577, 25401.9035)
(578, 25432.4220)
(579, 25467.9364)
(580, 25561.1649)
(581, 25581.0219)
(582, 25613.6088)
(583, 25633.2791)
(584, 25653.1330)
(585, 25675.8483)
(586, 25716.6427)
(587, 25739.8882)
(588, 25761.7426)
(589, 25787.9279)
(590, 25801.8963)
(591, 25815.1114)
(592, 25843.0337)
(593, 25865.4909)
(594, 25896.2715)
(595, 25914.1615)
(596, 25955.2507)
(597, 25975.5906)
(598, 25996.3382)
(599, 26023.5519)
(600, 26041.6479)
(601, 26064.9880)
(602, 26086.8213)
(603, 26096.9449)
(604, 26113.1895)
(605, 26124.4085)
(606, 26134.0822)
(607, 26149.8997)
(608, 26159.5984)
(609, 26177.6158)
(610, 26193.1926)
(611, 26214.8310)
(612, 26227.5584)
(613, 26237.6300)
(614, 26258.7054)
(615, 26279.1592)
(616, 26302.9169)
(617, 26331.9799)
(618, 26374.5461)
(619, 26393.1662)
(620, 26419.4197)
(621, 26440.2441)
(622, 26534.4107)
(623, 26557.4620)
(624, 26575.8130)
(625, 26600.9988)
(626, 26610.5642)
(627, 26666.2909)
(628, 26689.5525)
(629, 26707.6974)
(630, 26741.4582)
(631, 26757.8426)
(632, 26804.8413)
(633, 26824.1409)
(634, 26831.1022)
(635, 26849.6057)
(636, 26868.7673)
(637, 26889.6257)
(638, 26938.7127)
(639, 26956.3231)
(640, 26974.3133)
(641, 27040.3008)
(642, 27064.0902)
(643, 27110.0012)
(644, 27129.5743)
(645, 27151.8545)
(646, 27191.3319)
(647, 27216.2313)
(648, 27282.1752)
(649, 27298.8580)
(650, 27319.2600)
(651, 27332.9092)
(652, 27352.3287)
(653, 27369.6223)
(654, 27380.2066)
(655, 27392.2711)
(656, 27421.1461)
(657, 27432.7890)
(658, 27492.6710)
(659, 27527.0614)
(660, 27559.7776)
(661, 27590.1662)
(662, 27664.4146)
(663, 27692.1680)
(664, 27721.0112)
(665, 27765.9373)
(666, 27790.5453)
(667, 27813.7508)
(668, 27859.2458)
(669, 27903.4137)
(670, 27930.8947)
(671, 27958.6686)
(672, 27973.1715)
(673, 27998.9722)
(674, 28046.8008)
(675, 28059.8197)
(676, 28155.4298)
(677, 28168.3868)
(678, 28207.9863)
(679, 28235.7611)
(680, 28267.4710)
(681, 28275.4552)
(682, 28286.6616)
(683, 28307.6084)
(684, 28332.1354)
(685, 28400.2204)
(686, 28417.9144)
(687, 28466.2517)
(688, 28478.0886)
(689, 28493.6280)
(690, 28548.4497)
(691, 28573.5730)
(692, 28591.2222)
(693, 28634.9335)
(694, 28657.7853)
(695, 28679.4057)
(696, 28728.9407)
(697, 28749.5848)
(698, 28769.8677)
(699, 28802.4429)
(700, 28819.2585)
(701, 28835.7261)
(702, 28856.1268)
(703, 28873.3935)
(704, 28893.4627)
(705, 28912.1469)
(706, 28918.8013)
(707, 28932.8483)
(708, 28968.6326)
(709, 28983.1189)
(710, 28994.7427)
(711, 29001.0936)
(712, 29063.0202)
(713, 29079.3894)
(714, 29109.1416)
(715, 29205.9776)
(716, 29225.4603)
(717, 29464.6360)
(718, 29493.8642)
(719, 29516.1983)
(720, 29534.0372)
(721, 29561.7212)
(722, 29606.6834)
(723, 29632.0640)
(724, 29666.7934)
(725, 29688.0372)
(726, 29727.8546)
(727, 29768.2454)
(728, 29795.1251)
(729, 29822.6718)
(730, 29841.8770)
(731, 29867.3640)
(732, 29885.0374)
(733, 29937.9097)
(734, 29961.8116)
(735, 30090.9392)
(736, 30147.6444)
(737, 30171.4536)
(738, 30189.8813)
(739, 30225.4404)
(740, 30267.0786)
(741, 30280.2391)
(742, 30295.8928)
(743, 30362.7423)
(744, 30389.7899)
(745, 30423.9975)
(746, 30481.6880)
(747, 30500.0394)
(748, 30513.4087)
(749, 30532.4046)
(750, 30567.8711)
(751, 30589.9672)
(752, 30606.5095)
(753, 30629.7243)
(754, 30704.5054)
(755, 30720.5630)
(756, 30735.6702)
(757, 30758.4648)
(758, 30796.4363)
(759, 30818.6403)
(760, 30832.7119)
(761, 30842.0676)
(762, 30870.1043)
(763, 30887.4970)
(764, 30914.2165)
(765, 30940.3792)
(766, 31035.3801)
(767, 31054.8534)
(768, 31100.2005)
(769, 31115.6143)
(770, 31143.9953)
(771, 31166.7664)
(772, 31189.2447)
(773, 31237.9845)
(774, 31253.5768)
(775, 31280.4940)
(776, 31335.3660)
(777, 31392.4653)
(778, 31464.3672)
(779, 31577.1146)
(780, 31587.0015)
(781, 31719.3101)
(782, 31742.0883)
(783, 31766.4052)
(784, 31773.9643)
(785, 31794.8995)
(786, 31805.9300)
(787, 31813.0410)
(788, 31820.3203)
(789, 31852.5675)
(790, 31880.4494)
(791, 31899.2685)
(792, 31922.1083)
(793, 31929.9491)
(794, 31953.2219)
(795, 31964.5511)
(796, 31978.4802)
(797, 31998.2501)
(798, 32013.2344)
(799, 32026.7840)
(800, 32036.3572)
(801, 32124.8508)
(802, 32163.0321)
(803, 32187.0228)
(804, 32197.2418)
(805, 32204.5396)
(806, 32225.9022)
(807, 32236.4092)
(808, 32270.1410)
(809, 32280.2593)
(810, 32308.4632)
(811, 32322.0887)
(812, 32337.7590)
(813, 32383.9931)
(814, 32430.0560)
(815, 32444.4661)
(816, 32462.4504)
(817, 32511.2709)
(818, 32537.5315)
(819, 32543.4941)
(820, 32564.2019)
(821, 32588.0228)
(822, 32603.9274)
(823, 32634.1707)
(824, 32647.7719)
(825, 32721.0683)
(826, 32750.4072)
(827, 32761.7664)
(828, 32789.4476)
(829, 32806.1066)
(830, 32847.5177)
(831, 32863.9226)
(832, 32875.1534)
(833, 32881.3714)
(834, 32885.9393)
(835, 32896.8768)
(836, 32949.9945)
(837, 32959.5627)
(838, 32984.7892)
(839, 33001.6974)
(840, 33013.4086)
(841, 33020.2451)
(842, 33057.8625)
(843, 33079.9510)
(844, 33087.4874)
(845, 33102.6038)
(846, 33106.1126)
(847, 33132.3303)
(848, 33153.9196)
(849, 33173.7051)
(850, 33234.0831)
(851, 33244.9196)
(852, 33251.1943)
(853, 33267.5637)
(854, 33275.2734)
(855, 33294.8298)
(856, 33312.6650)
(857, 33347.7836)
(858, 33363.8249)
(859, 33408.6056)
(860, 33434.8224)
(861, 33441.9577)
(862, 33453.5381)
(863, 33464.1604)
(864, 33483.6799)
(865, 33495.6722)
(866, 33523.7924)
(867, 33534.1152)
(868, 33542.1476)
(869, 33555.0062)
(870, 33567.3050)
(871, 33604.5509)
(872, 33654.0689)
(873, 33674.2330)
(874, 33693.6364)
(875, 33725.1737)
(876, 33750.0035)
(877, 33777.5580)
(878, 33797.4581)
(879, 33806.3067)
(880, 33819.7949)
(881, 33836.9775)
(882, 33870.1120)
(883, 33896.0178)
(884, 33908.8686)
(885, 33929.2352)
(886, 33945.2412)
(887, 33954.6590)
(888, 33975.0557)
(889, 33979.2561)
(890, 33989.2972)
(891, 33996.7456)
(892, 34016.2661)
(893, 34025.2591)
(894, 34055.1223)
(895, 34065.4468)
(896, 34078.4136)
(897, 34087.4657)
(898, 34104.3679)
(899, 34113.5483)
(900, 34133.0724)
(901, 34140.3071)
(902, 34147.0137)
(903, 34167.0668)
(904, 34172.9634)
(905, 34184.8631)
(906, 34196.5384)
(907, 34205.2164)
(908, 34228.9851)
(909, 34235.5722)
(910, 34257.4341)
(911, 34263.9994)
(912, 34294.3653)
(913, 34302.8081)
(914, 34309.5743)
(915, 34327.1312)
(916, 34367.2221)
(917, 34375.0660)
(918, 34389.2212)
(919, 34413.9427)
(920, 34423.7935)
(921, 34475.7688)
(922, 34539.6305)
(923, 34573.2675)
(924, 34589.0739)
(925, 34592.5797)
(926, 34608.6189)
(927, 34615.4299)
(928, 34632.9689)
(929, 34648.2220)
(930, 34665.4164)
(931, 34687.6739)
(932, 34717.6958)
(933, 34743.1981)
(934, 34761.5294)
(935, 34774.3592)
(936, 34782.8524)
(937, 34824.3589)
(938, 34847.9270)
(939, 34865.8056)
(940, 34895.1861)
(941, 34908.2607)
(942, 34920.7839)
(943, 34948.8268)
(944, 34967.0226)
(945, 34978.3444)
(946, 34983.3025)
(947, 34990.3584)
(948, 35007.7837)
(949, 35040.2203)
(950, 35078.6038)
(951, 35085.4846)
(952, 35095.4188)
(953, 35099.0384)
(954, 35111.3310)
(955, 35117.7757)
(956, 35140.1929)
(957, 35152.7280)
(958, 35167.1841)
(959, 35176.8198)
(960, 35187.4215)
(961, 35193.1513)
(962, 35205.2772)
(963, 35229.5013)
(964, 35232.1680)
(965, 35236.1168)
(966, 35259.2297)
(967, 35272.0354)
(968, 35277.0662)
(969, 35302.1471)
(970, 35316.1546)
(971, 35320.0172)
(972, 35331.2446)
(973, 35348.5976)
(974, 35372.2653)
(975, 35402.7669)
(976, 35441.7656)
(977, 35458.4381)
(978, 35471.4913)
(979, 35496.2126)
(980, 35517.3965)
(981, 35526.8583)
(982, 35537.3619)
(983, 35552.3022)
(984, 35563.0894)
(985, 35581.5852)
(986, 35586.7416)
(987, 35620.7453)
(988, 35627.8592)
(989, 35640.3254)
(990, 35645.8762)
(991, 35675.7022)
(992, 35715.9792)
(993, 35727.4306)
(994, 35737.8673)
(995, 35744.8955)
(996, 35771.7255)
(997, 35779.3413)
(998, 35797.7037)
(999, 35814.5463)
(1000, 35900.1162)
(1001, 35909.5851)
(1002, 35919.2436)
(1003, 35938.3892)
(1004, 35945.3192)
(1005, 35966.0256)
(1006, 35969.7694)
(1007, 35985.3044)
(1008, 35988.6930)
(1009, 36005.9852)
(1010, 36027.7896)
(1011, 36082.7930)
(1012, 36089.8603)
(1013, 36100.2662)
(1014, 36166.3800)
(1015, 36179.3105)
(1016, 36186.8480)
(1017, 36208.9958)
(1018, 36224.4996)
(1019, 36243.0762)
(1020, 36253.5580)
(1021, 36287.7281)
(1022, 36304.8044)
(1023, 36323.5013)
(1024, 36335.4528)
(1025, 36341.2145)
(1026, 36353.5825)
(1027, 36365.1605)
(1028, 36370.4782)
(1029, 36415.3861)
(1030, 36426.7376)
(1031, 36458.7523)
(1032, 36473.8996)
(1033, 36517.5720)
(1034, 36529.3093)
(1035, 36555.4625)
(1036, 36562.0476)
(1037, 36570.0667)
(1038, 36579.1387)
(1039, 36581.7755)
(1040, 36591.4715)
(1041, 36652.2715)
(1042, 36660.5792)
(1043, 36671.8279)
(1044, 36732.6384)
(1045, 36747.1287)
(1046, 36755.3373)
(1047, 36796.0631)
(1048, 36831.4106)
(1049, 36835.0093)
(1050, 36845.4825)
(1051, 36862.2738)
(1052, 36870.1338)
(1053, 36889.8631)
(1054, 36989.9475)
(1055, 36995.6087)
(1056, 36998.6991)
(1057, 37010.9767)
(1058, 37026.4530)
(1059, 37032.6630)
(1060, 37048.3950)
(1061, 37083.0591)
(1062, 37087.1641)
(1063, 37094.9984)
(1064, 37119.8334)
(1065, 37150.6678)
(1066, 37169.0086)
(1067, 37193.5846)
(1068, 37210.5691)
(1069, 37227.7844)
(1070, 37236.5473)
(1071, 37245.7768)
(1072, 37252.5412)
(1073, 37261.3861)
(1074, 37369.3599)
(1075, 37408.7683)
(1076, 37414.0447)
(1077, 37591.8019)
(1078, 37627.9288)
(1079, 37635.0134)
(1080, 37679.1974)
(1081, 37692.9237)
(1082, 37705.9014)
(1083, 37745.3875)
(1084, 37757.1760)
(1085, 37772.4989)
(1086, 37779.2699)
(1087, 37794.1398)
(1088, 37802.1826)
(1089, 37809.7868)
(1090, 37837.0165)
(1091, 37857.4728)
(1092, 37859.5916)
(1093, 37862.9134)
(1094, 37878.0382)
(1095, 37883.3174)
(1096, 37920.5314)
(1097, 37939.0786)
(1098, 37955.1823)
(1099, 37961.7618)
(1100, 37976.1698)
(1101, 37979.4919)
(1102, 38005.2922)
(1103, 38010.5079)
(1104, 38031.4207)
(1105, 38037.2302)
(1106, 38044.8625)
(1107, 38070.2685)
(1108, 38107.6175)
(1109, 38123.3880)
(1110, 38164.0964)
(1111, 38167.9630)
(1112, 38173.8616)
(1113, 38179.7529)
(1114, 38209.1735)
(1115, 38235.9401)
(1116, 38299.0468)
(1117, 38313.9785)
(1118, 38326.1986)
(1119, 38338.8421)
(1120, 38340.8177)
(1121, 38353.3137)
(1122, 38440.2630)
(1123, 38523.9493)
(1124, 38538.9545)
(1125, 38573.6468)
(1126, 38574.6604)
(1127, 38580.2882)
(1128, 38586.3173)
(1129, 38605.4533)
(1130, 38620.6180)
(1131, 38640.2513)
(1132, 38654.3137)
(1133, 38659.1538)
(1134, 38718.6339)
(1135, 38732.4169)
(1136, 38754.4985)
(1137, 38787.4425)
(1138, 38793.7783)
(1139, 38809.8561)
(1140, 38843.4471)
(1141, 38863.1088)
(1142, 38881.2917)
(1143, 38926.9727)
(1144, 38935.2534)
(1145, 38963.0422)
(1146, 38969.9173)
(1147, 38991.8535)
(1148, 38997.0187)
(1149, 39001.3349)
(1150, 39010.2734)
(1151, 39018.8661)
(1152, 39038.6991)
(1153, 39101.1745)
(1154, 39112.1040)
(1155, 39141.5324)
(1156, 39158.4970)
(1157, 39171.9551)
(1158, 39174.5832)
(1159, 39191.9933)
(1160, 39210.6194)
(1161, 39217.9541)
(1162, 39248.9531)
(1163, 39270.2838)
(1164, 39286.7048)
(1165, 39297.8008)
(1166, 39305.8147)
(1167, 39332.0820)
(1168, 39400.8870)
(1169, 39439.7063)
(1170, 39469.2985)
(1171, 39483.6923)
(1172, 39508.6044)
(1173, 39523.1988)
(1174, 39548.8522)
(1175, 39557.8675)
(1176, 39569.3385)
(1177, 39579.6743)
(1178, 39588.1733)
(1179, 39596.5084)
(1180, 39603.1629)
(1181, 39610.5365)
(1182, 39643.1393)
(1183, 39651.8836)
(1184, 39666.2057)
(1185, 39668.6149)
(1186, 39721.2257)
(1187, 39740.8286)
(1188, 39747.9261)
(1189, 39755.4566)
(1190, 39764.6064)
(1191, 39772.1841)
(1192, 39783.5172)
(1193, 39824.0799)
(1194, 39834.8603)
(1195, 39838.6060)
(1196, 39841.9606)
(1197, 39854.0350)
(1198, 39907.8828)
(1199, 39913.9338)
(1200, 39924.3301)
(1201, 39934.1667)
(1202, 39954.9932)
(1203, 39979.1205)
(1204, 39999.9682)
(1205, 40019.3973)
(1206, 40049.4419)
(1207, 40069.2563)
(1208, 40099.8800)
(1209, 40110.2544)
(1210, 40115.6476)
(1211, 40132.9139)
(1212, 40138.9212)
(1213, 40167.4261)
(1214, 40175.9471)
(1215, 40185.3335)
(1216, 40205.3753)
(1217, 40225.0577)
(1218, 40228.5913)
(1219, 40237.7408)
(1220, 40248.2800)
(1221, 40251.8036)
(1222, 40258.2384)
(1223, 40290.9804)
(1224, 40309.4301)
(1225, 40315.9083)
(1226, 40337.1240)
(1227, 40357.5333)
(1228, 40380.7693)
(1229, 40409.2606)
(1230, 40434.3343)
(1231, 40445.5091)
(1232, 40462.0111)
(1233, 40465.8112)
(1234, 40472.1566)
(1235, 40490.7164)
(1236, 40499.7776)
(1237, 40512.7614)
(1238, 40533.2517)
(1239, 40535.2941)
(1240, 40550.1980)
(1241, 40635.1245)
(1242, 40648.0868)
(1243, 40668.0176)
(1244, 40679.0345)
(1245, 40709.2741)
(1246, 40717.6999)
(1247, 40747.0028)
(1248, 40753.5822)
(1249, 40798.0727)
(1250, 40852.4263)
(1251, 40866.4043)
(1252, 40873.1836)
(1253, 40884.8260)
(1254, 40900.0951)
(1255, 40948.4314)
(1256, 40966.6597)
(1257, 40980.6529)
(1258, 40990.3422)
(1259, 40995.9083)
(1260, 41004.7624)
(1261, 41007.1994)
(1262, 41026.7222)
(1263, 41035.1218)
(1264, 41060.0228)
(1265, 41088.1703)
(1266, 41100.3236)
(1267, 41107.1073)
(1268, 41116.2455)
(1269, 41117.8974)
(1270, 41138.0188)
(1271, 41147.6981)
(1272, 41156.7646)
(1273, 41164.8456)
(1274, 41172.1065)
(1275, 41188.8517)
(1276, 41201.0042)
(1277, 41248.4246)
(1278, 41262.6846)
(1279, 41273.8059)
(1280, 41281.1002)
(1281, 41302.4455)
(1282, 41317.8088)
(1283, 41344.5032)
(1284, 41347.7753)
(1285, 41399.3283)
(1286, 41556.2885)
(1287, 41562.7630)
(1288, 41571.4985)
(1289, 41635.0226)
(1290, 41649.1043)
(1291, 41666.2699)
(1292, 41674.8755)
(1293, 41695.5625)
(1294, 41701.4374)
(1295, 41750.0351)
(1296, 41761.0078)
(1297, 41781.7925)
(1298, 41789.7681)
(1299, 41803.4912)
(1300, 41806.2702)
(1301, 41825.2309)
(1302, 41835.6826)
(1303, 41875.6711)
(1304, 41881.2814)
(1305, 41888.0992)
(1306, 41890.6366)
(1307, 41900.3662)
(1308, 41906.7347)
(1309, 41914.3724)
(1310, 41925.6877)
(1311, 41938.7625)
(1312, 41950.1984)
(1313, 41963.6214)
(1314, 41968.7514)
(1315, 42002.6264)
(1316, 42018.2588)
(1317, 42022.8045)
(1318, 42044.2713)
(1319, 42055.4176)
(1320, 42062.0500)
(1321, 42066.3338)
(1322, 42087.0159)
(1323, 42103.6162)
(1324, 42114.1305)
(1325, 42126.1287)
(1326, 42129.2106)
(1327, 42133.2236)
(1328, 42140.1806)
(1329, 42247.6546)
(1330, 42255.2875)
(1331, 42363.0462)
(1332, 42372.2410)
(1333, 42385.4899)
(1334, 42402.8039)
(1335, 42447.9396)
(1336, 42499.6987)
(1337, 42521.1365)
(1338, 42529.9587)
(1339, 42551.2741)
(1340, 42562.6485)
(1341, 42566.5956)
(1342, 42603.4633)
(1343, 42607.3856)
(1344, 42619.8329)
(1345, 42630.4766)
(1346, 42638.9439)
(1347, 42642.8418)
(1348, 42647.9253)
(1349, 42666.7433)
(1350, 42688.1994)
(1351, 42694.8684)
(1352, 42697.1421)
(1353, 42737.6148)
(1354, 42738.7343)
(1355, 42769.2594)
(1356, 42777.4153)
(1357, 42784.2756)
(1358, 42801.3081)
(1359, 42802.8330)
(1360, 42815.7310)
(1361, 42822.7726)
(1362, 42827.7250)
(1363, 42873.4201)
(1364, 42881.1484)
(1365, 42886.5740)
(1366, 42924.9332)
(1367, 42951.3384)
(1368, 42959.5297)
(1369, 42965.7392)
(1370, 42985.8126)
(1371, 42993.2944)
(1372, 43034.1959)
(1373, 43039.1426)
(1374, 43065.3204)
(1375, 43068.4349)
(1376, 43074.5080)
(1377, 43091.5893)
(1378, 43098.3462)
(1379, 43109.1234)
(1380, 43117.0648)
(1381, 43125.0404)
(1382, 43285.1878)
(1383, 43287.3868)
(1384, 43334.2325)
(1385, 43340.2594)
(1386, 43348.9943)
(1387, 43414.4688)
(1388, 43422.3029)
(1389, 43610.5558)
(1390, 43631.6938)
(1391, 43642.8708)
(1392, 43690.3547)
(1393, 43694.2023)
(1394, 43711.1036)
(1395, 43729.1870)
(1396, 43733.1114)
(1397, 43762.9841)
(1398, 43793.9668)
(1399, 43817.5723)
(1400, 43894.0483)
(1401, 43902.8017)
(1402, 43908.4230)
(1403, 43923.2227)
(1404, 43947.3517)
(1405, 43976.7550)
(1406, 44015.4793)
(1407, 44045.9698)
(1408, 44053.4011)
(1409, 44112.4608)
(1410, 44423.8676)
(1411, 44612.8415)
(1412, 44626.1025)
(1413, 44642.0057)
(1414, 44666.8089)
(1415, 44671.6850)
(1416, 45343.2155)
(1417, 45370.9242)
(1418, 45413.1409)
(1419, 45467.7750)
(1420, 45522.0323)
(1421, 45541.7200)
(1422, 45569.2145)
(1423, 45573.9773)
(1424, 45594.2212)
(1425, 45618.0572)
(1426, 45651.1876)
(1427, 45660.0163)
(1428, 45689.9760)
(1429, 45695.2853)
(1430, 45701.8270)
(1431, 45708.4872)
(1432, 45719.6970)
(1433, 45732.2416)
(1434, 45758.1806)
(1435, 45790.1957)
(1436, 45878.6760)
(1437, 45894.2717)
(1438, 45915.2441)
(1439, 45954.8820)
(1440, 45958.2440)
(1441, 45988.0864)
(1442, 46059.9315)
(1443, 46065.1929)
(1444, 46144.7582)
(1445, 46164.6805)
(1446, 46170.9565)
(1447, 46185.6416)
(1448, 46194.3095)
(1449, 46202.2332)
(1450, 46204.2477)
(1451, 46294.0204)
(1452, 46304.7264)
(1453, 46306.1989)
(1454, 46331.4516)
(1455, 46348.9327)
(1456, 46636.0809)
(1457, 46648.4786)
(1458, 46833.5272)
(1459, 46851.4169)
(1460, 46915.5792)
(1461, 46929.0877)
(1462, 46946.6500)
(1463, 47010.5190)
(1464, 47016.6064)
(1465, 47022.9171)
(1466, 47045.1298)
(1467, 47075.4601)
(1468, 47099.0295)
(1469, 47108.9449)
(1470, 47115.3575)
(1471, 47121.9365)
(1472, 47123.0762)
(1473, 47144.0242)
(1474, 47149.2972)
(1475, 47167.7079)
(1476, 47177.0971)
(1477, 47200.0721)
(1478, 47205.6196)
(1479, 47222.0089)
(1480, 47222.7198)
(1481, 47231.9768)
(1482, 47262.1042)
(1483, 47382.1776)
(1484, 47395.9448)
(1485, 47408.8581)
(1486, 47426.7053)
(1487, 47442.6636)
(1488, 47464.7998)
(1489, 47466.7994)
(1490, 47477.4098)
(1491, 47480.3115)
(1492, 47522.1810)
(1493, 47552.1488)
(1494, 47569.4103)
(1495, 47587.4258)
(1496, 47628.6605)
(1497, 47665.8955)
(1498, 47671.1294)
(1499, 47698.8204)
(1500, 47704.5235)
(1501, 47739.4435)
(1502, 47749.6019)
(1503, 47782.8301)
(1504, 47806.9068)
(1505, 47815.6898)
(1506, 47826.5808)
(1507, 47874.7007)
(1508, 47879.6232)
(1509, 47890.6857)
(1510, 48022.9780)
(1511, 48027.6730)
(1512, 48032.5186)
(1513, 48054.7351)
(1514, 48080.5971)
(1515, 48092.4281)
(1516, 48099.9293)
(1517, 48120.1766)
(1518, 48138.8480)
(1519, 48140.1862)
(1520, 48173.7897)
(1521, 48266.4249)
(1522, 48285.4500)
(1523, 48306.7550)
(1524, 48328.6107)
(1525, 48335.5177)
(1526, 48345.6610)
(1527, 48347.8717)
(1528, 48352.3807)
(1529, 48496.5512)
(1530, 48501.0658)
(1531, 48505.3702)
(1532, 48513.7121)
(1533, 48530.0994)
(1534, 48547.7269)
(1535, 48560.5701)
(1536, 48568.1442)
(1537, 48589.7885)
(1538, 48592.4400)
(1539, 48596.8637)
(1540, 48630.2721)
(1541, 48677.5582)
(1542, 48696.4357)
(1543, 48728.7851)
(1544, 48812.3025)
(1545, 48865.2929)
(1546, 48875.6127)
(1547, 48942.2242)
(1548, 48947.7618)
(1549, 48955.9321)
(1550, 48961.9060)
(1551, 48965.8118)
(1552, 48968.1709)
(1553, 48979.4200)
(1554, 48988.4598)
(1555, 48997.2598)
(1556, 49042.9038)
(1557, 49047.2571)
(1558, 49051.7692)
(1559, 49080.0809)
(1560, 49081.9803)
(1561, 49091.6839)
(1562, 49114.5461)
(1563, 49143.7191)
(1564, 49147.7628)
(1565, 49149.6743)
(1566, 49180.8080)
(1567, 49200.2440)
(1568, 49428.3416)
(1569, 49429.8863)
(1570, 49437.1030)
(1571, 49443.2654)
(1572, 49453.8441)
(1573, 49477.9237)
(1574, 49479.1104)
(1575, 49529.6587)
(1576, 49545.9244)
(1577, 49574.9941)
(1578, 49596.5539)
(1579, 49627.0173)
(1580, 49669.7316)
(1581, 49704.0916)
(1582, 49705.9025)
(1583, 49723.7069)
(1584, 49758.9243)
(1585, 49785.8703)
(1586, 49813.0963)
(1587, 49888.6758)
(1588, 49893.2932)
(1589, 49912.3789)
(1590, 49928.2045)
(1591, 49930.8617)
(1592, 50029.0641)
(1593, 50043.4519)
(1594, 50064.9962)
(1595, 50071.1125)
(1596, 50079.6202)
(1597, 50085.8580)
(1598, 50093.1901)
(1599, 50125.2370)
(1600, 50188.8098)
(1601, 50200.6434)
(1602, 50206.9468)
(1603, 50233.6500)
(1604, 50248.4257)
(1605, 50277.4864)
(1606, 50280.1094)
(1607, 50362.8962)
(1608, 50374.3425)
(1609, 50390.5812)
(1610, 50398.2812)
(1611, 50410.6205)
(1612, 50469.4558)
(1613, 50512.9382)
(1614, 50532.7288)
(1615, 50573.1182)
(1616, 50578.9035)
(1617, 50609.3005)
(1618, 50620.8187)
(1619, 50656.5554)
(1620, 50673.8091)
(1621, 50679.1734)
(1622, 50694.6754)
(1623, 50706.5108)
(1624, 50708.2059)
(1625, 50835.5846)
(1626, 50843.4397)
(1627, 50858.6241)
(1628, 50892.3061)
(1629, 50894.2032)
(1630, 50907.5312)
(1631, 50931.0512)
(1632, 50936.7425)
(1633, 50959.6287)
(1634, 50979.1435)
(1635, 50990.1165)
(1636, 51028.2765)
(1637, 51049.8589)
(1638, 51069.1095)
(1639, 51088.5043)
(1640, 51098.3927)
(1641, 51102.7304)
(1642, 51133.2895)
(1643, 51137.4606)
(1644, 51152.6440)
(1645, 51161.4905)
(1646, 51170.2632)
(1647, 51178.6119)
(1648, 51227.8519)
(1649, 51234.9746)
(1650, 51256.5843)
(1651, 51261.6742)
(1652, 51305.9853)
(1653, 51331.9736)
(1654, 51352.8323)
(1655, 51359.8446)
(1656, 51367.5648)
(1657, 51375.5049)
(1658, 51379.2929)
(1659, 51408.8195)
(1660, 51414.4383)
(1661, 51421.0896)
(1662, 51430.0100)
(1663, 51438.1150)
(1664, 51462.2056)
(1665, 51465.3144)
(1666, 51484.4141)
(1667, 51486.9386)
(1668, 51497.4230)
(1669, 51508.2038)
(1670, 51516.4352)
(1671, 51531.5112)
(1672, 51540.6438)
(1673, 51554.2725)
(1674, 51558.8017)
(1675, 51562.1257)
(1676, 51566.8489)
(1677, 51582.4991)
(1678, 51589.8015)
(1679, 51604.2970)
(1680, 51614.5222)
(1681, 51616.6574)
(1682, 51619.5626)
(1683, 51638.9916)
(1684, 51658.6853)
(1685, 51670.9809)
(1686, 51674.7436)
(1687, 51677.6286)
(1688, 51688.9453)
(1689, 51709.6684)
(1690, 51720.1320)
(1691, 51741.3876)
(1692, 51747.7806)
(1693, 51766.7189)
(1694, 51800.3132)
(1695, 51837.2600)
(1696, 51845.2082)
(1697, 51847.6536)
(1698, 51859.3697)
(1699, 51860.3007)
(1700, 51866.9456)
(1701, 51883.1651)
(1702, 51887.9233)
(1703, 51891.2751)
(1704, 51909.7855)
(1705, 51918.7225)
(1706, 51933.9141)
(1707, 51942.4491)
(1708, 51950.4061)
(1709, 51961.4874)
(1710, 51968.0427)
(1711, 51984.5831)
(1712, 51997.0045)
(1713, 52000.5885)
(1714, 52007.1836)
(1715, 52043.0183)
(1716, 52046.8506)
(1717, 52049.2032)
(1718, 52082.7482)
(1719, 52086.4719)
(1720, 52103.6043)
(1721, 52155.4289)
(1722, 52168.1584)
(1723, 52179.6784)
(1724, 52189.4558)
(1725, 52207.0104)
(1726, 52210.5787)
(1727, 52217.3570)
(1728, 52234.0744)
(1729, 52244.4765)
(1730, 52275.6510)
(1731, 52279.0077)
(1732, 52294.3987)
(1733, 52298.3930)
(1734, 52337.2297)
(1735, 52340.0831)
(1736, 52341.6868)
(1737, 52342.8257)
(1738, 52352.7057)
(1739, 52367.4201)
(1740, 52377.1185)
(1741, 52434.0845)
(1742, 52452.3575)
(1743, 52476.2380)
(1744, 52499.0110)
(1745, 52502.3503)
(1746, 52525.8950)
(1747, 52527.9117)
(1748, 52534.3480)
(1749, 52572.2764)
(1750, 52588.3270)
(1751, 52597.1318)
(1752, 52606.2102)
(1753, 52609.1592)
(1754, 52620.5796)
(1755, 52634.8809)
(1756, 52639.8351)
(1757, 52649.7361)
(1758, 52658.0890)
(1759, 52687.5963)
(1760, 52689.9353)
(1761, 52692.7700)
(1762, 52700.9042)
(1763, 52712.7314)
(1764, 52720.0854)
(1765, 52733.9530)
(1766, 52735.5403)
(1767, 52741.7473)
(1768, 52744.4028)
(1769, 52766.3681)
(1770, 52771.3895)
(1771, 52808.6418)
(1772, 52814.1642)
(1773, 52817.4869)
(1774, 52824.3607)
(1775, 52825.8067)
(1776, 52831.3527)
(1777, 52832.3831)
(1778, 52884.5815)
(1779, 52894.0617)
(1780, 52905.5483)
(1781, 52908.5234)
(1782, 52923.2317)
(1783, 52944.1091)
(1784, 52948.5577)
(1785, 52954.2007)
(1786, 52961.8962)
(1787, 53007.9539)
(1788, 53013.2269)
(1789, 53018.1253)
(1790, 53023.9709)
(1791, 53034.4399)
(1792, 53036.4409)
(1793, 53039.7161)
(1794, 53043.2280)
(1795, 53100.8675)
(1796, 53118.0376)
(1797, 53119.8829)
(1798, 53132.9969)
(1799, 53140.2916)
(1800, 53241.3986)
