(1, 133.4145)
(2, 156.5277)
(3, 178.1875)
(4, 179.8589)
(5, 231.7173)
(6, 264.7206)
(7, 305.6329)
(8, 324.7332)
(9, 361.9614)
(10, 407.8597)
(11, 434.0236)
(12, 459.5311)
(13, 475.9699)
(14, 515.5412)
(15, 579.6232)
(16, 630.6202)
(17, 685.9263)
(18, 793.3137)
(19, 853.7931)
(20, 891.2487)
(21, 925.9068)
(22, 971.4181)
(23, 1037.5867)
(24, 1105.5298)
(25, 1199.3968)
(26, 1257.3175)
(27, 1382.4543)
(28, 1478.6560)
(29, 1597.3157)
(30, 1671.9853)
(31, 1796.8907)
(32, 1876.2373)
(33, 1960.4568)
(34, 2045.7240)
(35, 2153.5904)
(36, 2253.3088)
(37, 2368.2295)
(38, 2480.4356)
(39, 2577.3838)
(40, 2724.8924)
(41, 2854.7601)
(42, 2959.2472)
(43, 3098.9826)
(44, 3226.0836)
(45, 3337.5262)
(46, 3447.8328)
(47, 3540.7813)
(48, 3643.1480)
(49, 3754.0605)
(50, 3871.0977)
(51, 4010.6785)
(52, 4117.2009)
(53, 4226.0753)
(54, 4334.5091)
(55, 4427.2084)
(56, 4554.8589)
(57, 4663.7619)
(58, 4801.3333)
(59, 4901.5105)
(60, 4993.5665)
(61, 5106.3821)
(62, 5193.9095)
(63, 5301.3492)
(64, 5412.2172)
(65, 5516.9371)
(66, 5625.8447)
(67, 5731.6119)
(68, 5834.4969)
(69, 5895.2383)
(70, 5980.6954)
(71, 6055.9050)
(72, 6133.8601)
(73, 6225.0745)
(74, 6303.3056)
(75, 6378.5031)
(76, 6489.0076)
(77, 6573.4033)
(78, 6646.9704)
(79, 6730.3677)
(80, 6799.8593)
(81, 6914.9378)
(82, 7024.0943)
(83, 7114.3166)
(84, 7177.4399)
(85, 7250.6144)
(86, 7342.0293)
(87, 7423.0281)
(88, 7485.9492)
(89, 7532.4896)
(90, 7598.0198)
(91, 7686.1825)
(92, 7773.3544)
(93, 7832.3125)
(94, 7911.6444)
(95, 7995.0166)
(96, 8080.1440)
(97, 8154.4905)
(98, 8195.4608)
(99, 8264.1555)
(100, 8335.5984)
(101, 8405.2578)
(102, 8478.9254)
(103, 8530.5846)
(104, 8584.5515)
(105, 8678.1224)
(106, 8770.7539)
(107, 8822.0287)
(108, 8902.9152)
(109, 8996.9624)
(110, 9062.4083)
(111, 9126.2968)
(112, 9207.7569)
(113, 9296.5007)
(114, 9396.5037)
(115, 9465.2807)
(116, 9516.9341)
(117, 9631.6133)
(118, 9689.7238)
(119, 9810.3405)
(120, 9926.0674)
(121, 10036.2933)
(122, 10115.0270)
(123, 10212.5302)
(124, 10289.9500)
(125, 10365.7812)
(126, 10446.8378)
(127, 10508.1728)
(128, 10587.9484)
(129, 10648.3462)
(130, 10703.7544)
(131, 10801.5198)
(132, 10895.1126)
(133, 10977.5252)
(134, 11067.1784)
(135, 11166.7698)
(136, 11244.2142)
(137, 11304.6393)
(138, 11379.1800)
(139, 11447.3484)
(140, 11507.3986)
(141, 11573.1371)
(142, 11668.8977)
(143, 11727.8690)
(144, 11798.7090)
(145, 11861.7496)
(146, 11946.0457)
(147, 12033.0367)
(148, 12108.1174)
(149, 12157.2120)
(150, 12232.6928)
(151, 12300.9094)
(152, 12349.8485)
(153, 12415.1092)
(154, 12488.1508)
(155, 12574.7646)
(156, 12704.3685)
(157, 12766.2257)
(158, 12832.2436)
(159, 12895.6744)
(160, 12952.2581)
(161, 12997.3467)
(162, 13060.0603)
(163, 13121.9444)
(164, 13191.6294)
(165, 13260.7166)
(166, 13372.8882)
(167, 13440.9682)
(168, 13502.0575)
(169, 13590.9315)
(170, 13651.8835)
(171, 13752.6200)
(172, 13807.9812)
(173, 13856.4842)
(174, 13914.9641)
(175, 13987.0314)
(176, 14025.6463)
(177, 14083.6618)
(178, 14154.0804)
(179, 14202.7981)
(180, 14270.6126)
(181, 14345.1938)
(182, 14398.4974)
(183, 14468.0607)
(184, 14522.1114)
(185, 14576.1411)
(186, 14628.7894)
(187, 14678.1885)
(188, 14720.5983)
(189, 14786.7862)
(190, 14840.4244)
(191, 14891.2599)
(192, 14932.4861)
(193, 14985.8704)
(194, 15024.9687)
(195, 15084.3283)
(196, 15141.3296)
(197, 15192.3841)
(198, 15240.9002)
(199, 15294.8972)
(200, 15327.7099)
(201, 15367.6909)
(202, 15400.5548)
(203, 15501.3933)
(204, 15559.8910)
(205, 15607.8349)
(206, 15665.6728)
(207, 15707.8536)
(208, 15763.8561)
(209, 15803.1233)
(210, 15849.2263)
(211, 15891.3463)
(212, 15934.4030)
(213, 15987.6444)
(214, 16016.8813)
(215, 16065.1404)
(216, 16109.9570)
(217, 16158.8628)
(218, 16206.3869)
(219, 16248.7835)
(220, 16295.1758)
(221, 16325.7599)
(222, 16359.9340)
(223, 16405.3593)
(224, 16470.1415)
(225, 16509.1058)
(226, 16560.6501)
(227, 16611.7015)
(228, 16650.9833)
(229, 16688.6638)
(230, 16738.8266)
(231, 16790.1771)
(232, 16828.8518)
(233, 16874.1355)
(234, 16913.0863)
(235, 16966.4968)
(236, 17009.5296)
(237, 17048.0557)
(238, 17079.1377)
(239, 17124.3939)
(240, 17148.2418)
(241, 17190.3688)
(242, 17232.9011)
(243, 17269.8644)
(244, 17302.6462)
(245, 17346.4465)
(246, 17386.7592)
(247, 17426.9321)
(248, 17463.6033)
(249, 17503.5398)
(250, 17547.1484)
(251, 17577.5620)
(252, 17614.7331)
(253, 17674.1365)
(254, 17731.2727)
(255, 17781.1637)
(256, 17832.9855)
(257, 17875.7157)
(258, 17901.6462)
(259, 17938.8753)
(260, 17967.9525)
(261, 17993.4077)
(262, 18029.0704)
(263, 18067.1279)
(264, 18114.1896)
(265, 18155.5007)
(266, 18196.6286)
(267, 18239.7231)
(268, 18273.1429)
(269, 18302.2732)
(270, 18334.8671)
(271, 18377.2647)
(272, 18414.7246)
(273, 18440.1586)
(274, 18465.5970)
(275, 18502.2357)
(276, 18528.1139)
(277, 18575.6332)
(278, 18606.5205)
(279, 18628.3769)
(280, 18652.2270)
(281, 18693.8802)
(282, 18721.7274)
(283, 18779.6954)
(284, 18806.7666)
(285, 18840.7290)
(286, 18867.3589)
(287, 18902.6043)
(288, 18943.8308)
(289, 18992.5420)
(290, 19023.9233)
(291, 19069.5509)
(292, 19093.8885)
(293, 19131.3060)
(294, 19159.5125)
(295, 19206.7020)
(296, 19231.6723)
(297, 19261.2995)
(298, 19284.9122)
(299, 19306.8047)
(300, 19336.6338)
(301, 19365.5249)
(302, 19410.6129)
(303, 19444.4355)
(304, 19463.9671)
(305, 19484.4611)
(306, 19509.9674)
(307, 19540.2912)
(308, 19571.8750)
(309, 19594.2467)
(310, 19632.8763)
(311, 19667.2751)
(312, 19704.4106)
(313, 19746.5921)
(314, 19768.2284)
(315, 19807.4388)
(316, 19825.7436)
(317, 19860.5388)
(318, 19889.2608)
(319, 19928.9120)
(320, 19972.0838)
(321, 20016.2312)
(322, 20037.4559)
(323, 20074.7338)
(324, 20106.5661)
(325, 20159.6365)
(326, 20229.0374)
(327, 20274.3270)
(328, 20316.5472)
(329, 20356.9191)
(330, 20387.8892)
(331, 20405.3052)
(332, 20427.3871)
(333, 20446.8532)
(334, 20477.2400)
(335, 20513.4976)
(336, 20561.5271)
(337, 20599.4774)
(338, 20632.3766)
(339, 20659.1338)
(340, 20688.4585)
(341, 20741.5753)
(342, 20765.8022)
(343, 20829.8014)
(344, 20863.2656)
(345, 20912.8210)
(346, 20964.0832)
(347, 21010.8318)
(348, 21032.5278)
(349, 21056.9803)
(350, 21083.4386)
(351, 21117.1711)
(352, 21166.9518)
(353, 21205.8281)
(354, 21247.8485)
(355, 21292.3639)
(356, 21314.6972)
(357, 21343.4955)
(358, 21397.1543)
(359, 21433.7707)
(360, 21478.2674)
(361, 21511.2850)
(362, 21535.5068)
(363, 21565.9798)
(364, 21586.7724)
(365, 21611.8839)
(366, 21637.2793)
(367, 21653.2426)
(368, 21694.6374)
(369, 21719.9320)
(370, 21761.8869)
(371, 21785.7251)
(372, 21811.8640)
(373, 21856.7877)
(374, 21891.5553)
(375, 21922.2436)
(376, 21955.3281)
(377, 21996.9932)
(378, 22028.9358)
(379, 22053.6183)
(380, 22099.5681)
(381, 22115.8182)
(382, 22141.9835)
(383, 22163.3713)
(384, 22190.3323)
(385, 22223.6051)
(386, 22238.8283)
(387, 22260.9019)
(388, 22281.5458)
(389, 22298.5212)
(390, 22314.8458)
(391, 22334.2575)
(392, 22408.0380)
(393, 22442.7452)
(394, 22467.0123)
(395, 22499.3116)
(396, 22528.9834)
(397, 22553.2843)
(398, 22579.6326)
(399, 22622.4692)
(400, 22648.0859)
(401, 22667.8336)
(402, 22684.5727)
(403, 22716.1333)
(404, 22735.5508)
(405, 22750.2758)
(406, 22775.5385)
(407, 22792.6495)
(408, 22840.4411)
(409, 22868.8416)
(410, 22895.7037)
(411, 22919.9160)
(412, 22965.3359)
(413, 22981.1378)
(414, 23002.6078)
(415, 23024.6624)
(416, 23047.1958)
(417, 23064.2140)
(418, 23086.1672)
(419, 23141.1871)
(420, 23153.6682)
(421, 23168.9596)
(422, 23191.3161)
(423, 23210.3043)
(424, 23249.9228)
(425, 23276.2170)
(426, 23297.7644)
(427, 23322.6369)
(428, 23345.9812)
(429, 23372.9889)
(430, 23388.0448)
(431, 23414.1424)
(432, 23455.0467)
(433, 23475.4533)
(434, 23511.3112)
(435, 23538.0539)
(436, 23557.2743)
(437, 23569.1074)
(438, 23597.2115)
(439, 23624.8407)
(440, 23645.7323)
(441, 23674.1204)
(442, 23712.2925)
(443, 23726.2197)
(444, 23738.6590)
(445, 23767.0714)
(446, 23809.0510)
(447, 23828.5698)
(448, 23847.1735)
(449, 23871.8516)
(450, 23898.9325)
(451, 23914.3981)
(452, 23940.5583)
(453, 23964.4477)
(454, 23987.1994)
(455, 23999.7439)
(456, 24058.6095)
(457, 24077.1573)
(458, 24103.9290)
(459, 24124.0487)
(460, 24162.2107)
(461, 24178.7865)
(462, 24204.1865)
(463, 24223.4616)
(464, 24248.0997)
(465, 24283.3145)
(466, 24351.0876)
(467, 24380.3942)
(468, 24408.7851)
(469, 24434.1666)
(470, 24467.9570)
(471, 24496.5060)
(472, 24513.5351)
(473, 24534.3274)
(474, 24550.0876)
(475, 24569.5607)
(476, 24596.6347)
(477, 24626.1864)
(478, 24668.6343)
(479, 24691.3511)
(480, 24739.4042)
(481, 24759.9146)
(482, 24785.7564)
(483, 24812.3620)
(484, 24828.6421)
(485, 24838.7746)
(486, 24852.6615)
(487, 24876.9443)
(488, 24889.3915)
(489, 24901.5998)
(490, 24914.4699)
(491, 24935.1111)
(492, 24971.1531)
(493, 24991.2451)
(494, 25019.6359)
(495, 25036.7405)
(496, 25064.1331)
(497, 25092.2316)
(498, 25106.5890)
(499, 25129.2651)
(500, 25145.6046)
(501, 25185.7806)
(502, 25231.8143)
(503, 25266.8791)
(504, 25306.1612)
(505, 25324.9536)
(506, 25349.6621)
(507, 25378.2692)
(508, 25417.7513)
(509, 25436.8648)
(510, 25458.3032)
(511, 25476.2135)
(512, 25505.6641)
(513, 25522.0605)
(514, 25544.0263)
(515, 25571.7555)
(516, 25593.1694)
(517, 25609.4732)
(518, 25631.7016)
(519, 25639.9112)
(520, 25654.3210)
(521, 25668.1583)
(522, 25699.6752)
(523, 25745.7073)
(524, 25775.6347)
(525, 25813.7565)
(526, 25827.3020)
(527, 25836.5918)
(528, 25852.5472)
(529, 25948.4543)
(530, 25973.1959)
(531, 25984.3070)
(532, 26014.5329)
(533, 26031.9948)
(534, 26041.3165)
(535, 26088.0322)
(536, 26099.6392)
(537, 26117.1862)
(538, 26165.8894)
(539, 26189.6817)
(540, 26203.8141)
(541, 26221.1915)
(542, 26252.5042)
(543, 26269.8822)
(544, 26293.0746)
(545, 26318.2179)
(546, 26337.9087)
(547, 26368.9031)
(548, 26388.5071)
(549, 26427.1879)
(550, 26439.8818)
(551, 26469.7352)
(552, 26486.6751)
(553, 26505.9924)
(554, 26538.4552)
(555, 26572.1120)
(556, 26591.0990)
(557, 26609.3787)
(558, 26621.0538)
(559, 26639.9418)
(560, 26667.7782)
(561, 26684.2380)
(562, 26702.7584)
(563, 26721.3610)
(564, 26734.1733)
(565, 26774.7064)
(566, 26790.4483)
(567, 26810.6341)
(568, 26828.1631)
(569, 26848.2093)
(570, 26864.5749)
(571, 26875.6305)
(572, 26906.1165)
(573, 26925.2478)
(574, 26939.4049)
(575, 26952.5984)
(576, 26970.5390)
(577, 26991.8839)
(578, 27015.0858)
(579, 27035.3848)
(580, 27051.1622)
(581, 27074.6038)
(582, 27089.4057)
(583, 27112.9436)
(584, 27137.3259)
(585, 27158.6572)
(586, 27177.6060)
(587, 27197.9108)
(588, 27227.3331)
(589, 27279.0112)
(590, 27301.7197)
(591, 27323.4223)
(592, 27336.4559)
(593, 27393.7711)
(594, 27412.7409)
(595, 27428.3018)
(596, 27469.2879)
(597, 27489.6496)
(598, 27532.4499)
(599, 27553.8480)
(600, 27569.6692)
(601, 27587.5114)
(602, 27650.0186)
(603, 27667.5228)
(604, 27683.4429)
(605, 27690.8561)
(606, 27717.6297)
(607, 27741.6823)
(608, 27757.9043)
(609, 27788.8915)
(610, 27802.0568)
(611, 27820.3662)
(612, 27842.3865)
(613, 27861.3414)
(614, 27883.2763)
(615, 27932.5081)
(616, 27943.5376)
(617, 27987.9493)
(618, 28004.2183)
(619, 28023.5041)
(620, 28036.2741)
(621, 28048.6705)
(622, 28119.9672)
(623, 28139.8224)
(624, 28159.1730)
(625, 28181.8174)
(626, 28228.7977)
(627, 28237.3364)
(628, 28246.5915)
(629, 28266.5016)
(630, 28284.4346)
(631, 28302.3325)
(632, 28334.5463)
(633, 28356.7224)
(634, 28383.4302)
(635, 28402.4511)
(636, 28427.2786)
(637, 28453.7787)
(638, 28479.8829)
(639, 28501.4170)
(640, 28522.1070)
(641, 28540.0646)
(642, 28562.7596)
(643, 28574.9190)
(644, 28581.5259)
(645, 28597.1712)
(646, 28617.7978)
(647, 28634.3576)
(648, 28651.6185)
(649, 28674.6759)
(650, 28766.0205)
(651, 28784.9609)
(652, 28798.0256)
(653, 28806.3567)
(654, 28856.0795)
(655, 28869.9029)
(656, 28895.2893)
(657, 28990.4661)
(658, 29009.3483)
(659, 29033.8113)
(660, 29051.3104)
(661, 29060.4151)
(662, 29087.1431)
(663, 29122.3383)
(664, 29135.6957)
(665, 29159.7536)
(666, 29178.4116)
(667, 29199.8148)
(668, 29210.7045)
(669, 29226.3962)
(670, 29257.9892)
(671, 29273.1988)
(672, 29288.3083)
(673, 29312.8753)
(674, 29339.3277)
(675, 29360.6463)
(676, 29373.6114)
(677, 29387.1644)
(678, 29403.9017)
(679, 29417.7179)
(680, 29446.6533)
(681, 29469.8081)
(682, 29486.3244)
(683, 29512.8820)
(684, 29521.1053)
(685, 29537.5610)
(686, 29615.8291)
(687, 29625.9420)
(688, 29634.5110)
(689, 29647.9076)
(690, 29676.1689)
(691, 29687.7975)
(692, 29715.9836)
(693, 29735.8582)
(694, 29746.0719)
(695, 29768.4936)
(696, 29792.9746)
(697, 29944.9567)
(698, 29978.2507)
(699, 29992.9533)
(700, 30050.3996)
(701, 30094.8430)
(702, 30115.7436)
(703, 30141.0233)
(704, 30152.4009)
(705, 30181.4313)
(706, 30205.1070)
(707, 30214.1756)
(708, 30229.6682)
(709, 30331.2508)
(710, 30344.7864)
(711, 30363.3059)
(712, 30395.3205)
(713, 30417.9779)
(714, 30436.4290)
(715, 30453.2735)
(716, 30476.2862)
(717, 30487.6318)
(718, 30503.4412)
(719, 30511.7888)
(720, 30527.5370)
(721, 30543.3979)
(722, 30552.0168)
(723, 30571.5494)
(724, 30578.3918)
(725, 30599.1184)
(726, 30611.2727)
(727, 30621.2241)
(728, 30634.0901)
(729, 30662.7106)
(730, 30691.1650)
(731, 30713.2857)
(732, 30728.0933)
(733, 30739.0187)
(734, 30755.7485)
(735, 30779.3186)
(736, 30786.0358)
(737, 30812.5526)
(738, 30826.0336)
(739, 30841.3946)
(740, 30853.6824)
(741, 30862.4555)
(742, 30877.2717)
(743, 30907.1609)
(744, 30931.6300)
(745, 30946.0677)
(746, 30965.9855)
(747, 30973.8968)
(748, 30986.6831)
(749, 30997.4589)
(750, 31009.6378)
(751, 31025.6053)
(752, 31035.0574)
(753, 31046.9757)
(754, 31055.8816)
(755, 31074.1861)
(756, 31085.1000)
(757, 31107.6118)
(758, 31114.8221)
(759, 31123.0456)
(760, 31132.1616)
(761, 31155.9194)
(762, 31173.9136)
(763, 31220.1126)
(764, 31227.7263)
(765, 31258.1702)
(766, 31270.0459)
(767, 31291.8880)
(768, 31299.7199)
(769, 31303.7420)
(770, 31311.3814)
(771, 31335.3165)
(772, 31362.0194)
(773, 31395.1955)
(774, 31426.1226)
(775, 31433.3236)
(776, 31451.4379)
(777, 31467.0930)
(778, 31490.9352)
(779, 31499.8155)
(780, 31526.6572)
(781, 31546.2671)
(782, 31559.2553)
(783, 31567.7513)
(784, 31580.2208)
(785, 31601.2287)
(786, 31647.9184)
(787, 31770.1764)
(788, 31784.0991)
(789, 31813.7472)
(790, 31875.6309)
(791, 31886.5896)
(792, 31897.3604)
(793, 31936.7298)
(794, 31950.4063)
(795, 31986.1533)
(796, 32040.3637)
(797, 32058.6607)
(798, 32066.2934)
(799, 32088.7849)
(800, 32131.7011)
(801, 32145.4800)
(802, 32165.6906)
(803, 32182.8023)
(804, 32195.8249)
(805, 32208.3228)
(806, 32223.8612)
(807, 32235.1308)
(808, 32269.4319)
(809, 32280.9663)
(810, 32305.3478)
(811, 32324.3509)
(812, 32369.8848)
(813, 32378.9852)
(814, 32391.1810)
(815, 32403.2773)
(816, 32423.3123)
(817, 32448.4495)
(818, 32478.2988)
(819, 32507.3493)
(820, 32524.1789)
(821, 32537.4110)
(822, 32543.8044)
(823, 32567.6106)
(824, 32590.7591)
(825, 32623.5179)
(826, 32642.3435)
(827, 32659.9214)
(828, 32687.7130)
(829, 32700.1406)
(830, 32730.3084)
(831, 32774.7930)
(832, 32783.7686)
(833, 32802.9760)
(834, 32829.0909)
(835, 32842.1148)
(836, 32906.0426)
(837, 32924.3451)
(838, 32943.6842)
(839, 32957.4201)
(840, 32972.1983)
(841, 32979.5443)
(842, 33201.6855)
(843, 33237.9078)
(844, 33254.1649)
(845, 33261.4081)
(846, 33335.8881)
(847, 33357.2398)
(848, 33630.4178)
(849, 33640.0923)
(850, 33654.5730)
(851, 33679.2407)
(852, 33729.4774)
(853, 33744.0618)
(854, 33755.9057)
(855, 33810.4799)
(856, 33831.2012)
(857, 33839.2869)
(858, 33855.0806)
(859, 33867.4618)
(860, 33884.3284)
(861, 33909.2083)
(862, 33922.9985)
(863, 33927.1776)
(864, 33948.6696)
(865, 33957.2117)
(866, 34007.4291)
(867, 34033.6062)
(868, 34045.2157)
(869, 34059.9348)
(870, 34083.8261)
(871, 34112.1563)
(872, 34152.8638)
(873, 34164.7538)
(874, 34184.8228)
(875, 34208.4432)
(876, 34237.5990)
(877, 34247.3183)
(878, 34258.1443)
(879, 34289.3907)
(880, 34299.8216)
(881, 34314.3637)
(882, 34356.5924)
(883, 34373.3558)
(884, 34390.4607)
(885, 34419.5755)
(886, 34428.9550)
(887, 34450.1549)
(888, 34474.4582)
(889, 34489.4556)
(890, 34520.5236)
(891, 34538.0553)
(892, 34543.5686)
(893, 34549.9093)
(894, 34588.5200)
(895, 34596.2874)
(896, 34618.3111)
(897, 34669.1671)
(898, 34682.0129)
(899, 34749.1047)
(900, 34757.9470)
(901, 34826.9001)
(902, 34848.9808)
(903, 34869.2876)
(904, 35085.5339)
(905, 35106.1587)
(906, 35124.5949)
(907, 35134.5035)
(908, 35148.4894)
(909, 35169.6452)
(910, 35180.2623)
(911, 35211.0128)
(912, 35233.4579)
(913, 35250.1671)
(914, 35270.7115)
(915, 35281.9802)
(916, 35301.0822)
(917, 35314.1780)
(918, 35339.1277)
(919, 35345.7492)
(920, 35355.6349)
(921, 35374.7911)
(922, 35456.4036)
(923, 35477.1386)
(924, 35485.7449)
(925, 35494.9436)
(926, 35514.7130)
(927, 35534.9182)
(928, 35539.9706)
(929, 35550.5901)
(930, 35571.5465)
(931, 35584.9936)
(932, 35596.4719)
(933, 35602.5046)
(934, 35607.0673)
(935, 35643.2461)
(936, 35647.9660)
(937, 35673.7337)
(938, 35706.2922)
(939, 35714.1576)
(940, 35728.1069)
(941, 35740.9884)
(942, 35750.3280)
(943, 35783.5297)
(944, 35798.6488)
(945, 35815.3308)
(946, 35819.2871)
(947, 35836.2887)
(948, 35849.4803)
(949, 35860.9767)
(950, 35881.5491)
(951, 35905.6756)
(952, 35921.5390)
(953, 35996.1185)
(954, 36009.4618)
(955, 36027.6491)
(956, 36048.8045)
(957, 36057.9375)
(958, 36079.8400)
(959, 36093.1243)
(960, 36111.4063)
(961, 36128.3051)
(962, 36139.4713)
(963, 36161.8775)
(964, 36168.1452)
(965, 36180.2825)
(966, 36188.3659)
(967, 36199.7296)
(968, 36260.8340)
(969, 36303.4837)
(970, 36317.9418)
(971, 36328.1122)
(972, 36371.2045)
(973, 36385.3994)
(974, 36406.2478)
(975, 36422.6544)
(976, 36450.7729)
(977, 36475.8748)
(978, 36486.0673)
(979, 36491.9590)
(980, 36510.3655)
(981, 36548.7632)
(982, 36567.5235)
(983, 36595.0094)
(984, 36790.9998)
(985, 36892.5100)
(986, 36905.7562)
(987, 36937.7596)
(988, 36961.0236)
(989, 37012.1637)
(990, 37219.0894)
(991, 37234.2417)
(992, 37289.3786)
(993, 37309.6023)
(994, 37322.1886)
(995, 37350.4257)
(996, 37365.3205)
(997, 37390.6079)
(998, 37406.6054)
(999, 37414.0597)
(1000, 37437.9399)
(1001, 37466.4395)
(1002, 37474.0266)
(1003, 37505.9933)
(1004, 37537.9470)
(1005, 37573.5960)
(1006, 37618.1777)
(1007, 37666.6907)
(1008, 37768.7384)
(1009, 37788.0471)
(1010, 37795.9543)
(1011, 37816.1792)
(1012, 37904.3910)
(1013, 37949.0195)
(1014, 37971.7514)
(1015, 38036.7707)
(1016, 38048.5687)
(1017, 38080.9127)
(1018, 38160.2324)
(1019, 38175.2372)
(1020, 38201.1855)
(1021, 38224.0478)
(1022, 38240.4516)
(1023, 38257.4986)
(1024, 38282.9468)
(1025, 38304.9712)
(1026, 38314.4870)
(1027, 38334.7784)
(1028, 38339.6938)
(1029, 38354.9312)
(1030, 38382.1273)
(1031, 38447.7595)
(1032, 38485.4804)
(1033, 38493.1422)
(1034, 38507.1816)
(1035, 38512.8115)
(1036, 38518.9662)
(1037, 38538.9939)
(1038, 38573.5119)
(1039, 38595.8549)
(1040, 38618.0266)
(1041, 38644.0519)
(1042, 38677.5686)
(1043, 38702.1020)
(1044, 38711.9636)
(1045, 38741.5969)
(1046, 38776.7969)
(1047, 38795.4328)
(1048, 38806.0189)
(1049, 38813.2819)
(1050, 38820.4039)
(1051, 38866.3789)
(1052, 38881.8176)
(1053, 38909.4852)
(1054, 38922.7625)
(1055, 38929.4196)
(1056, 38946.4406)
(1057, 38948.8176)
(1058, 38963.4223)
(1059, 39011.5058)
(1060, 39056.8553)
(1061, 39070.4681)
(1062, 39081.7046)
(1063, 39116.0226)
(1064, 39126.7434)
(1065, 39153.4796)
(1066, 39173.0514)
(1067, 39184.0217)
(1068, 39199.4937)
(1069, 39205.1026)
(1070, 39211.7737)
(1071, 39214.7657)
(1072, 39253.2850)
(1073, 39271.2401)
(1074, 39287.5483)
(1075, 39319.6006)
(1076, 39328.7923)
(1077, 39368.2819)
(1078, 39453.2304)
(1079, 39459.2211)
(1080, 39474.7076)
(1081, 39483.0914)
(1082, 39498.3791)
(1083, 39507.5360)
(1084, 39519.8030)
(1085, 39521.8985)
(1086, 39538.0024)
(1087, 39552.3026)
(1088, 39566.2728)
(1089, 39574.1018)
(1090, 39826.0514)
(1091, 39828.8148)
(1092, 39854.9613)
(1093, 39879.1177)
(1094, 39901.7189)
(1095, 39912.5778)
(1096, 39939.3498)
(1097, 39953.2104)
(1098, 39963.4380)
(1099, 39978.5967)
(1100, 39994.4795)
(1101, 40008.8995)
(1102, 40011.8842)
(1103, 40020.1229)
(1104, 40028.6297)
(1105, 40043.9801)
(1106, 40188.4248)
(1107, 40199.3783)
(1108, 40220.7952)
(1109, 40283.4715)
(1110, 40294.6753)
(1111, 40319.5848)
(1112, 40341.1638)
(1113, 40365.0192)
(1114, 40369.5952)
(1115, 40389.5535)
(1116, 40406.7022)
(1117, 40497.1429)
(1118, 40502.6008)
(1119, 40508.7689)
(1120, 40519.5108)
(1121, 40525.1657)
(1122, 40540.5986)
(1123, 40550.7950)
(1124, 40567.6049)
(1125, 40576.3298)
(1126, 40594.9105)
(1127, 40658.0365)
(1128, 40665.6556)
(1129, 40668.2701)
(1130, 40698.8645)
(1131, 40734.5156)
(1132, 40747.8282)
(1133, 40772.6748)
(1134, 40824.9460)
(1135, 40831.4887)
(1136, 40866.9644)
(1137, 40891.6939)
(1138, 40902.3569)
(1139, 40912.0657)
(1140, 40918.8127)
(1141, 40935.5060)
(1142, 40949.9731)
(1143, 40956.1290)
(1144, 40961.9610)
(1145, 40972.9343)
(1146, 40981.3681)
(1147, 40991.6880)
(1148, 40999.3395)
(1149, 41007.6221)
(1150, 41013.2424)
(1151, 41049.0845)
(1152, 41094.4745)
(1153, 41115.4538)
(1154, 41143.7766)
(1155, 41172.0849)
(1156, 41196.9914)
(1157, 41209.1181)
(1158, 41218.1944)
(1159, 41221.6418)
(1160, 41236.6168)
(1161, 41241.6683)
(1162, 41249.4631)
(1163, 41254.5267)
(1164, 41259.8291)
(1165, 41268.8440)
(1166, 41316.4163)
(1167, 41333.8908)
(1168, 41336.6371)
(1169, 41363.0529)
(1170, 41404.3076)
(1171, 41431.4641)
(1172, 41445.9194)
(1173, 41461.4581)
(1174, 41471.0089)
(1175, 41475.1140)
(1176, 41483.6205)
(1177, 41508.5553)
(1178, 41526.7413)
(1179, 41544.5640)
(1180, 41639.0619)
(1181, 41678.4707)
(1182, 41695.2913)
(1183, 41712.1605)
(1184, 41724.0866)
(1185, 41733.9499)
(1186, 41772.4272)
(1187, 41783.8201)
(1188, 41794.5364)
(1189, 41799.5397)
(1190, 41833.2441)
(1191, 41866.3973)
(1192, 41881.2248)
(1193, 41892.3419)
(1194, 41904.0439)
(1195, 41915.2512)
(1196, 41952.6437)
(1197, 41957.4338)
(1198, 41963.1803)
(1199, 41970.7267)
(1200, 41992.3833)
(1201, 42020.8078)
(1202, 42035.7952)
(1203, 42049.3876)
(1204, 42061.0692)
(1205, 42066.9825)
(1206, 42114.3148)
(1207, 42144.0781)
(1208, 42173.0164)
(1209, 42182.0816)
(1210, 42187.8879)
(1211, 42201.4859)
(1212, 42222.8053)
(1213, 42231.1690)
(1214, 42242.9608)
(1215, 42263.9685)
(1216, 42275.7019)
(1217, 42286.0885)
(1218, 42293.1111)
(1219, 42304.3158)
(1220, 42316.6179)
(1221, 42325.7463)
(1222, 42333.0259)
(1223, 42337.2062)
(1224, 42362.8275)
(1225, 42384.3326)
(1226, 42404.8722)
(1227, 42417.5816)
(1228, 42429.1100)
(1229, 42458.4944)
(1230, 42481.1967)
(1231, 42494.5711)
(1232, 42589.3443)
(1233, 42678.1342)
(1234, 42691.0801)
(1235, 42738.9404)
(1236, 42745.4317)
(1237, 42758.5086)
(1238, 42785.7888)
(1239, 42806.5378)
(1240, 42817.2968)
(1241, 42823.9564)
(1242, 42828.6908)
(1243, 42864.3583)
(1244, 42888.8969)
(1245, 42895.8576)
(1246, 42921.0863)
(1247, 42948.1720)
(1248, 42967.3301)
(1249, 42999.1094)
(1250, 43021.6007)
(1251, 43100.7954)
(1252, 43108.2874)
(1253, 43146.8263)
(1254, 43168.3051)
(1255, 43190.8544)
(1256, 43224.9288)
(1257, 43236.4217)
(1258, 43246.1507)
(1259, 43258.1624)
(1260, 43296.9916)
(1261, 43313.4842)
(1262, 43414.4549)
(1263, 43442.5993)
(1264, 43488.0346)
(1265, 43494.2563)
(1266, 43505.9890)
(1267, 43513.8727)
(1268, 43550.7845)
(1269, 43598.9583)
(1270, 43614.9747)
(1271, 43623.7831)
(1272, 43664.0105)
(1273, 43680.4035)
(1274, 43728.4450)
(1275, 43734.4774)
(1276, 43751.5257)
(1277, 43761.1103)
(1278, 43777.6187)
(1279, 43787.0088)
(1280, 43802.5108)
(1281, 43869.6296)
(1282, 43894.7960)
(1283, 43964.8250)
(1284, 43974.3743)
(1285, 43982.5457)
(1286, 43987.3745)
(1287, 44017.2290)
(1288, 44045.2125)
(1289, 44053.4275)
(1290, 44078.2935)
(1291, 44090.6471)
(1292, 44097.9388)
(1293, 44109.7628)
(1294, 44122.4249)
(1295, 44155.7029)
(1296, 44174.7520)
(1297, 44188.6606)
(1298, 44190.3719)
(1299, 44204.1726)
(1300, 44222.3128)
(1301, 44248.9309)
(1302, 44275.3958)
(1303, 44294.5205)
(1304, 44346.0746)
(1305, 44376.9881)
(1306, 44456.1990)
(1307, 44555.3921)
(1308, 44593.7649)
(1309, 44606.4619)
(1310, 44629.2007)
(1311, 44653.2884)
(1312, 44666.3935)
(1313, 44680.5984)
(1314, 44717.9304)
(1315, 44748.5579)
(1316, 44781.7259)
(1317, 44788.3606)
(1318, 44794.4158)
(1319, 44797.6777)
(1320, 44805.6047)
(1321, 44828.3723)
(1322, 44837.6123)
(1323, 44842.7808)
(1324, 44898.8655)
(1325, 44912.4873)
(1326, 44928.3150)
(1327, 44936.6454)
(1328, 44947.6627)
(1329, 44962.3142)
(1330, 44966.7180)
(1331, 44983.8789)
(1332, 45010.9867)
(1333, 45016.0958)
(1334, 45058.1810)
(1335, 45070.4694)
(1336, 45079.8907)
(1337, 45090.8441)
(1338, 45105.6678)
(1339, 45118.8109)
(1340, 45166.8349)
(1341, 45174.2519)
(1342, 45177.1664)
(1343, 45205.7621)
(1344, 45237.4636)
(1345, 45240.6503)
(1346, 45276.6844)
(1347, 45281.5827)
(1348, 45347.1129)
(1349, 45361.8372)
(1350, 45548.1844)
(1351, 45559.9788)
(1352, 45589.6151)
(1353, 45621.7601)
(1354, 45644.1704)
(1355, 45653.1700)
(1356, 45661.5466)
(1357, 45669.1592)
(1358, 45674.6822)
(1359, 45730.0404)
(1360, 45756.7034)
(1361, 45794.4512)
(1362, 45805.1342)
(1363, 45822.4013)
(1364, 45927.1984)
(1365, 45946.0001)
(1366, 45953.2298)
(1367, 45974.2468)
(1368, 45976.4323)
(1369, 45995.8547)
(1370, 46007.3543)
(1371, 46015.4183)
(1372, 46025.0910)
(1373, 46044.7181)
(1374, 46061.2942)
(1375, 46089.1093)
(1376, 46102.2810)
(1377, 46136.0479)
(1378, 46154.8271)
(1379, 46161.1660)
(1380, 46170.0047)
(1381, 46182.1287)
(1382, 46189.0489)
(1383, 46190.4425)
(1384, 46194.2727)
(1385, 46385.9114)
(1386, 46388.0456)
(1387, 46421.3974)
(1388, 46426.2851)
(1389, 46442.3068)
(1390, 46471.7419)
(1391, 46475.1084)
(1392, 46484.0617)
(1393, 46489.6700)
(1394, 46516.4957)
(1395, 46530.1830)
(1396, 46544.8370)
(1397, 46565.1858)
(1398, 46569.5073)
(1399, 46591.2582)
(1400, 46601.4705)
(1401, 46616.9473)
(1402, 46693.1010)
(1403, 46740.3802)
(1404, 46777.2977)
(1405, 46799.1763)
(1406, 46810.7159)
(1407, 46821.7042)
(1408, 46841.6985)
(1409, 46865.8947)
(1410, 46882.2670)
(1411, 46909.7846)
(1412, 46931.0077)
(1413, 46949.5352)
(1414, 46961.5680)
(1415, 46964.2808)
(1416, 46978.4203)
(1417, 46982.6045)
(1418, 47007.7923)
(1419, 47015.5163)
(1420, 47052.9530)
(1421, 47060.8116)
(1422, 47119.7928)
(1423, 47135.8092)
(1424, 47189.1930)
(1425, 47210.7473)
(1426, 47215.1405)
(1427, 47252.7872)
(1428, 47258.3225)
(1429, 47270.1800)
(1430, 47348.8321)
(1431, 47393.2175)
(1432, 47438.5631)
(1433, 47450.6982)
(1434, 47456.6789)
(1435, 47491.7707)
(1436, 47510.4348)
(1437, 47521.1811)
(1438, 47533.8830)
(1439, 47557.5801)
(1440, 47564.0588)
(1441, 47582.1798)
(1442, 47603.0912)
(1443, 47621.8525)
(1444, 47628.4165)
(1445, 47666.6718)
(1446, 47688.7337)
(1447, 47700.8828)
(1448, 47713.3909)
(1449, 47718.0338)
(1450, 47720.4445)
(1451, 47746.5677)
(1452, 47764.9527)
(1453, 47771.6070)
(1454, 47831.9061)
(1455, 47852.3177)
(1456, 47861.1446)
(1457, 47884.4837)
(1458, 47894.7277)
(1459, 47902.5013)
(1460, 47912.3650)
(1461, 47938.7326)
(1462, 47944.3159)
(1463, 47950.8910)
(1464, 47959.7122)
(1465, 47967.0575)
(1466, 47983.8680)
(1467, 48008.4846)
(1468, 48023.2086)
(1469, 48035.8446)
(1470, 48058.0079)
(1471, 48063.6009)
(1472, 48096.1198)
(1473, 48099.3441)
(1474, 48118.5922)
(1475, 48147.1993)
(1476, 48156.1746)
(1477, 48164.6714)
(1478, 48206.7111)
(1479, 48241.3691)
(1480, 48245.3181)
(1481, 48261.7166)
(1482, 48269.6423)
(1483, 48278.1044)
(1484, 48284.5176)
(1485, 48288.0195)
(1486, 48295.2845)
(1487, 48310.2748)
(1488, 48323.0688)
(1489, 48341.7155)
(1490, 48490.1425)
(1491, 48541.7832)
(1492, 48548.5505)
(1493, 48553.6835)
(1494, 48555.8733)
(1495, 48561.7763)
(1496, 48613.4954)
(1497, 48623.3801)
(1498, 48655.8618)
(1499, 48766.5940)
(1500, 48830.8217)
(1501, 48839.0426)
(1502, 48851.7012)
(1503, 48860.1500)
(1504, 48885.6604)
(1505, 48888.9419)
(1506, 48901.8512)
(1507, 48909.9111)
(1508, 48911.3808)
(1509, 48927.9102)
(1510, 48935.9314)
(1511, 48948.5211)
(1512, 48968.7571)
(1513, 48975.0238)
(1514, 48987.0838)
(1515, 49002.1209)
(1516, 49016.0449)
(1517, 49036.9242)
(1518, 49044.6999)
(1519, 49055.9693)
(1520, 49058.2750)
(1521, 49067.3426)
(1522, 49077.6686)
(1523, 49104.8201)
(1524, 49112.4354)
(1525, 49160.1968)
(1526, 49169.1207)
(1527, 49177.4270)
(1528, 49188.0660)
(1529, 49222.3097)
(1530, 49257.3969)
(1531, 49270.0887)
(1532, 49282.7109)
(1533, 49289.1346)
(1534, 49330.1151)
(1535, 49387.5709)
(1536, 49519.1550)
(1537, 49536.5004)
(1538, 49577.8177)
(1539, 49587.6017)
(1540, 49615.6148)
(1541, 49622.9412)
(1542, 49633.4212)
(1543, 49659.8455)
(1544, 49679.4436)
(1545, 49714.4163)
(1546, 49720.0962)
(1547, 49735.5632)
(1548, 49748.4642)
(1549, 49769.8398)
(1550, 49788.0331)
(1551, 49807.5494)
(1552, 49840.3357)
(1553, 49864.9730)
(1554, 49883.3478)
(1555, 49890.4201)
(1556, 49895.4879)
(1557, 49897.6856)
(1558, 49918.6162)
(1559, 49923.5630)
(1560, 49933.9947)
(1561, 49962.0457)
(1562, 49982.4798)
(1563, 49985.7116)
(1564, 49988.3110)
(1565, 50006.2340)
(1566, 50019.3134)
(1567, 50037.5874)
(1568, 50089.3518)
(1569, 50093.9184)
(1570, 50113.9136)
(1571, 50144.0928)
(1572, 50157.4304)
(1573, 50181.8381)
(1574, 50194.1168)
(1575, 50199.8961)
(1576, 50263.1298)
(1577, 50279.6087)
(1578, 50285.3728)
(1579, 50409.5198)
(1580, 50423.7765)
(1581, 50428.1219)
(1582, 50441.4688)
(1583, 50447.4728)
(1584, 50471.8810)
(1585, 50478.4216)
(1586, 50484.1103)
(1587, 50507.4679)
(1588, 50510.2306)
(1589, 50531.6435)
(1590, 50569.2575)
(1591, 50578.5864)
(1592, 50883.6373)
(1593, 50902.5379)
(1594, 50944.1385)
(1595, 50954.6232)
(1596, 50962.1454)
(1597, 50972.5405)
(1598, 50988.2929)
(1599, 51008.2145)
(1600, 51009.5717)
(1601, 51051.4101)
(1602, 51085.8455)
(1603, 51086.5558)
(1604, 51098.0471)
(1605, 51105.9245)
(1606, 51119.2045)
(1607, 51148.9758)
(1608, 51155.2461)
(1609, 51162.0759)
(1610, 51170.4968)
(1611, 51233.2748)
(1612, 51244.9527)
(1613, 51267.8483)
(1614, 51269.7839)
(1615, 51275.1644)
(1616, 51285.1295)
(1617, 51292.8896)
(1618, 51297.2089)
(1619, 51317.5062)
(1620, 51333.1082)
(1621, 51357.3816)
(1622, 51366.8945)
(1623, 51389.8057)
(1624, 51542.9089)
(1625, 51545.1191)
(1626, 51549.4910)
(1627, 51560.9770)
(1628, 51565.7118)
(1629, 51577.5061)
(1630, 51603.4558)
(1631, 51607.8265)
(1632, 51615.5725)
(1633, 51634.6405)
(1634, 51656.4795)
(1635, 51669.4554)
(1636, 51685.6166)
(1637, 51735.7096)
(1638, 51739.1972)
(1639, 51765.1943)
(1640, 51768.6960)
(1641, 51785.5893)
(1642, 51820.4895)
(1643, 51836.9717)
(1644, 51867.0235)
(1645, 51901.5855)
(1646, 51924.2119)
(1647, 52029.5424)
(1648, 52041.9414)
(1649, 52063.2104)
(1650, 52070.1223)
(1651, 52076.2106)
(1652, 52083.9416)
(1653, 52106.9476)
(1654, 52137.1600)
(1655, 52149.6966)
(1656, 52216.5924)
(1657, 52222.9101)
(1658, 52236.6158)
(1659, 52245.9518)
(1660, 52252.2918)
(1661, 52278.1928)
(1662, 52296.5580)
(1663, 52300.8313)
(1664, 52303.0311)
(1665, 52331.5184)
(1666, 52337.9200)
(1667, 52352.6776)
(1668, 52353.8444)
(1669, 52367.8084)
(1670, 52373.0631)
(1671, 52374.2135)
(1672, 52386.3648)
(1673, 52393.2221)
(1674, 52446.5003)
(1675, 52466.1089)
(1676, 52472.2995)
(1677, 52497.7863)
(1678, 52510.1058)
(1679, 52527.2792)
(1680, 52533.9048)
(1681, 52544.5315)
(1682, 52554.6011)
(1683, 52603.3099)
(1684, 52606.3491)
(1685, 52615.8207)
(1686, 52638.6468)
(1687, 52645.1802)
(1688, 52647.9599)
(1689, 52666.5736)
(1690, 52688.5752)
(1691, 52695.5072)
(1692, 52725.7107)
(1693, 52757.9036)
(1694, 52762.5767)
(1695, 52766.5391)
(1696, 52775.4131)
(1697, 52790.0713)
(1698, 52797.2967)
(1699, 52915.0347)
(1700, 52941.9665)
(1701, 52952.9234)
(1702, 52954.9576)
(1703, 52958.4606)
(1704, 52963.8239)
(1705, 52968.8365)
(1706, 52976.8913)
(1707, 52981.1167)
(1708, 52991.5340)
(1709, 53017.8433)
(1710, 53029.6959)
(1711, 53059.0774)
(1712, 53091.9347)
(1713, 53122.2686)
(1714, 53124.3748)
(1715, 53150.0859)
(1716, 53152.4169)
(1717, 53169.4009)
(1718, 53212.3579)
(1719, 53226.8206)
(1720, 53244.8742)
(1721, 53287.3177)
(1722, 53288.7894)
(1723, 53296.8146)
(1724, 53302.7075)
(1725, 53336.2365)
(1726, 53351.0792)
(1727, 53363.0145)
(1728, 53367.5828)
(1729, 53392.7820)
(1730, 53407.9798)
(1731, 53414.3128)
(1732, 53433.4549)
(1733, 53440.4430)
(1734, 53522.8598)
(1735, 53532.2758)
(1736, 53533.8414)
(1737, 53536.5327)
(1738, 53551.0269)
(1739, 53565.9625)
(1740, 53641.6299)
(1741, 53648.9619)
(1742, 53666.3676)
(1743, 53680.8579)
(1744, 53707.6357)
(1745, 53715.2631)
(1746, 53725.4414)
(1747, 53734.4756)
(1748, 53755.6785)
(1749, 53758.7330)
(1750, 53770.6922)
(1751, 53775.4036)
(1752, 53783.5449)
(1753, 53794.4546)
(1754, 53812.9452)
(1755, 53819.8709)
(1756, 53823.6329)
(1757, 53835.8656)
(1758, 53854.4696)
(1759, 53860.2522)
(1760, 53885.5424)
(1761, 53890.8171)
(1762, 53893.7223)
(1763, 53912.6586)
(1764, 53916.2033)
(1765, 53923.4676)
(1766, 53938.4218)
(1767, 53993.2993)
(1768, 53997.4036)
(1769, 54207.4106)
(1770, 54236.5283)
(1771, 54449.0221)
(1772, 54489.3915)
(1773, 54521.7910)
(1774, 54661.7448)
(1775, 54672.3618)
(1776, 54699.0968)
(1777, 54746.5915)
(1778, 54748.1319)
(1779, 54791.2737)
(1780, 54870.1154)
(1781, 54873.2544)
(1782, 54899.6122)
(1783, 54937.5554)
(1784, 54981.4764)
(1785, 54991.4750)
(1786, 55019.7319)
(1787, 55029.1775)
(1788, 55054.6951)
(1789, 55072.1808)
(1790, 55077.5670)
(1791, 55091.9159)
(1792, 55124.5085)
(1793, 55180.0492)
(1794, 55198.8824)
(1795, 55234.5338)
(1796, 55283.3253)
(1797, 55344.8254)
(1798, 55382.6429)
(1799, 55427.0459)
(1800, 55479.8016)
